,negative_prob,neutral_prob,positive_prob,predicted,true
0,0.17445599176908733,0.38311545568372923,0.44242855254718333,positive,neutral
1,0.06533876141857876,0.01931094934644464,0.9153502892349752,positive,positive
2,0.001164161645190327,0.010961489592544619,0.9878743487622627,positive,positive
3,0.513388880183724,0.25763710058879324,0.22897401922748145,negative,positive
4,0.29133462254561665,0.3724044046357321,0.3362609728186525,neutral,negative
5,0.6482731846611105,0.16471793094102213,0.18700888439786678,negative,negative
6,0.045864992584917615,0.10216780676572679,0.8519672006493558,positive,positive
7,0.7302058227155707,0.12239543964399888,0.14739873764043093,negative,negative
8,0.6173895346806909,0.15412023880329864,0.2284902265160124,negative,negative
9,0.25461277365012164,0.11501521495214675,0.6303720113977291,positive,negative
10,0.26431311083908376,0.5965031399990571,0.13918374916185858,neutral,positive
11,0.014831926348756313,0.016120497345232597,0.9690475763060121,positive,positive
12,0.006152270137941026,0.002993969345436733,0.990853760516622,positive,positive
13,0.37095916410727,0.06123330973731883,0.5678075261554142,positive,negative
14,0.22494203186718584,0.47484951615004084,0.30020845198277213,neutral,neutral
15,0.002437855634712235,0.0001732354250868919,0.9973889089402036,positive,positive
16,0.5679363349751239,0.3376215847081496,0.09444208031672614,negative,neutral
17,0.20785876651464252,0.6780159123634539,0.1141253211219009,neutral,neutral
18,0.8455202285089671,0.0651550751029761,0.08932469638805564,negative,negative
19,0.040362756702418665,0.00872466482793398,0.95091257846965,positive,positive
20,0.12787745956932609,0.3994509059123657,0.4726716345183086,positive,neutral
21,0.22003933674543996,0.2771957541148416,0.5027649091397172,positive,positive
22,0.17023980862037658,0.17258677636564382,0.6571734150139827,positive,positive
23,0.6664647671416839,0.053633702416587097,0.2799015304417297,negative,neutral
24,0.21554290195399586,0.14296593317177322,0.6414911648742335,positive,positive
25,0.29151056502925027,0.14639281530956763,0.5620966196611826,positive,positive
26,0.37088438190017775,0.5700593387652857,0.059056279334533716,neutral,positive
27,0.571188700695691,0.07549453247049963,0.3533167668338058,negative,positive
28,0.02793794480561495,0.03412790749044747,0.9379341477039387,positive,positive
29,0.02105566343145384,0.4445216575517153,0.5344226790168305,positive,positive
30,0.829707675325274,0.12675275399104505,0.04353957068368489,negative,positive
31,0.042567540893162406,0.18301770195933686,0.7744147571475006,positive,positive
32,0.12260791586592291,0.6488559815183615,0.2285361026157167,neutral,neutral
33,0.07740595996835295,0.5109287227447741,0.41166531728687256,neutral,positive
34,0.07779330801068446,0.3084469681863729,0.6137597238029411,positive,neutral
35,0.02836153339621474,0.14434673764550432,0.8272917289582798,positive,positive
36,0.22203379521817107,0.44646045334905754,0.3315057514327687,neutral,positive
37,0.19124758421038235,0.4017172061802763,0.40703520960934064,positive,positive
38,0.03325324962016878,0.4398939389859433,0.5268528113938891,positive,positive
39,0.4454501626012229,0.4342705851259251,0.12027925227285263,negative,positive
40,0.08761487712443203,0.09975707825150375,0.8126280446240667,positive,positive
41,0.0025552878819495757,0.00808228652539879,0.98936242559265,positive,positive
42,0.10828863206466811,0.007581419864274203,0.884129948071056,positive,positive
43,0.5651425183134073,0.127066644981764,0.3077908367048292,negative,negative
44,0.4109294892556342,0.1160074851444167,0.47306302559995245,positive,positive
45,0.007485962868868455,0.04300819395360597,0.9495058431775235,positive,positive
46,0.5703463756572059,0.12774733422503065,0.3019062901177637,negative,negative
47,0.18964107199633137,0.3310743270716663,0.47928460093200237,positive,neutral
48,0.22760435546869615,0.3670762398858246,0.40531940464548083,positive,neutral
49,0.1538739791776845,0.830639534532454,0.015486486289865372,neutral,neutral
50,0.009411016619673342,0.007263130653056191,0.9833258527272717,positive,positive
51,0.010630371846364919,0.014633761104016714,0.9747358670496192,positive,positive
52,0.7894563681700942,0.11696965887643927,0.09357397295346684,negative,neutral
53,0.5602971968542007,0.302398922238089,0.13730388090771095,negative,negative
54,0.2181920609569735,0.4044159634980469,0.37739197554497783,neutral,neutral
55,0.5417964622574358,0.10326829649148199,0.3549352412510819,negative,negative
56,0.029117281636646515,0.01819524418641642,0.9526874741769384,positive,positive
57,0.14970505412884988,0.04305617873926632,0.8072387671318847,positive,positive
58,0.9011052536715369,0.06334576305848483,0.03554898326997801,negative,negative
59,0.046671748507566786,0.1387878553789036,0.814540396113529,positive,positive
60,0.13015892279370583,0.7264642825937474,0.1433767946125481,neutral,neutral
61,0.8409570882934528,0.01041918898424699,0.1486237227222991,negative,negative
62,0.3312583850002773,0.5819031827299763,0.08683843226974798,neutral,negative
63,0.009762871230874208,0.10462720594943183,0.8856099228196953,positive,positive
64,0.7979576412037171,0.10197062946594099,0.10007172933033862,negative,negative
65,0.3091332200858415,0.2257987940822055,0.46506798583195186,positive,negative
66,0.5451188592433541,0.34615031816965414,0.10873082258699454,negative,negative
67,0.04274350696325932,0.07455424362905697,0.882702249407682,positive,positive
68,0.14170451454430774,0.716905500174803,0.14138998528089275,neutral,neutral
69,0.107537565445417,0.2765536259202487,0.6159088086343376,positive,positive
70,0.14569586852417465,0.22965993960165212,0.6246441918741734,positive,positive
71,0.024755742602325975,0.043529979892129964,0.9317142775055453,positive,positive
72,0.6136622121056654,0.3566397084919641,0.029698079402369047,negative,negative
73,0.0025060439535275324,0.00399465194338237,0.9934993041030895,positive,positive
74,0.08072339018399292,0.5663466831059859,0.3529299267100205,neutral,neutral
75,0.1585228421211601,0.3441138475566946,0.49736331032214554,positive,neutral
76,0.4273762578218054,0.3044908145976649,0.26813292758052815,negative,positive
77,0.008305821792761967,0.01265958900922616,0.9790345891980125,positive,negative
78,0.054983826005111515,0.45780336768642604,0.4872128063084638,positive,neutral
79,0.23206820881159418,0.28709098144750855,0.48084080974090004,positive,positive
80,0.42162274659060456,0.13581652228073132,0.44256073112866395,positive,negative
81,0.18186934035204916,0.1737644589182045,0.6443662007297429,positive,positive
82,0.08573140987604883,0.18434883901404522,0.7299197511099053,positive,positive
83,0.3564353932493881,0.20101219930757405,0.44255240744303714,positive,positive
84,0.207741113254196,0.2993693574984778,0.49288952924732565,positive,neutral
85,0.033231238446451414,0.017477901822642344,0.9492908597309091,positive,positive
86,0.011411214703908148,0.018524498473943787,0.9700642868221477,positive,positive
87,0.04840776214574145,0.7992272522283992,0.15236498562586245,neutral,neutral
88,0.0004794166641517658,0.00012003232938271817,0.9994005510064643,positive,positive
89,0.30981422106438705,0.2918287755068165,0.39835700342879965,positive,negative
90,0.7470934780518038,0.0804915036416161,0.1724150183065814,negative,negative
91,0.511672400262467,0.15741027643161232,0.33091732330591916,negative,negative
92,0.8103231777667458,0.1118237397156763,0.07785308251757878,negative,neutral
93,0.22717358206175534,0.26784354629093154,0.504982871647313,positive,positive
94,0.5076228121074106,0.11450268495525565,0.37787450293733094,negative,neutral
95,0.7604245633737517,0.11986369296069761,0.11971174366555051,negative,negative
96,0.8215980876453337,0.01057249179403395,0.1678294205606329,negative,negative
97,0.22721601004552253,0.1250865255774524,0.6476974643770219,positive,positive
98,0.45413016302504433,0.3460716548951615,0.19979818207979355,negative,negative
99,0.1677186473891327,0.42001536589633925,0.412265986714528,neutral,neutral
100,0.10495386495842333,0.10467783838349001,0.7903682966580873,positive,negative
101,0.01913065868115923,0.011757709410148833,0.9691116319086905,positive,positive
102,0.3801643045612913,0.5366258555123788,0.08320983992633114,neutral,negative
103,0.027705429373449802,0.1441733695564178,0.8281212010701353,positive,positive
104,0.27045843983072776,0.400568609415705,0.32897295075356814,neutral,neutral
105,0.13428620924027052,0.4953755737617828,0.37033821699794733,neutral,neutral
106,0.3452222456260372,0.38113370609401265,0.2736440482799516,neutral,negative
107,0.2629562096700711,0.5265337072364208,0.21051008309350863,neutral,negative
108,0.6333779395900601,0.20460044222992166,0.16202161818001734,negative,negative
109,0.19637776918601246,0.5102099439267297,0.2934122868872569,neutral,positive
110,0.22794636211701122,0.402414902856447,0.36963873502654243,neutral,positive
111,0.003397758560503632,0.01545413529332096,0.9811481061461779,positive,positive
112,0.11416623335884546,0.25238148780310066,0.6334522788380529,positive,positive
113,0.05873815224326273,0.3255163895751072,0.615745458181631,positive,neutral
114,0.041840286137515385,0.07942103374602649,0.8787386801164576,positive,positive
115,0.47261965398937283,0.26897396444240995,0.2584063815682171,negative,neutral
116,0.40235943896368,0.023272747979858496,0.5743678130564597,positive,neutral
117,0.14554401708225587,0.2770860108956506,0.5773699720220933,positive,positive
118,0.09110495509373956,0.01431045715910494,0.8945845877471554,positive,positive
119,0.03062837878810231,0.07216119193217932,0.8972104292797167,positive,positive
120,0.6598874326179373,0.17100043091341308,0.1691121364686512,negative,negative
121,0.5075732371369109,0.4182716555482302,0.07415510731486125,negative,negative
122,0.07144708508712239,0.12425530546988355,0.8042976094429936,positive,positive
123,0.5033299805070506,0.29610947650434466,0.20056054298860476,negative,neutral
124,0.17445599176908733,0.38311545568372923,0.44242855254718333,positive,positive
125,0.15579206536897067,0.3104768068930333,0.533731127737997,positive,positive
126,0.2402414510856738,0.2979641276922479,0.4617944212220771,positive,neutral
127,0.0756662280592793,0.3379804382821177,0.5863533336586023,positive,positive
128,0.2614752382269904,0.6308143778000518,0.10771038397295697,neutral,neutral
129,0.008347930551568489,0.01518110621149341,0.9764709632369383,positive,positive
130,0.17116500223758432,0.4446675412471672,0.384167456515251,neutral,positive
131,0.008051046537636162,0.044999169051262854,0.9469497844111022,positive,positive
132,0.13369376304953332,0.10589970734668336,0.7604065296037834,positive,positive
133,0.011087245058733028,0.004188969316348511,0.9847237856249216,positive,positive
134,0.6288056379025634,0.05536230870921862,0.31583205338821496,negative,positive
135,0.17989289257734098,0.6862574795651738,0.13384962785748664,neutral,neutral
136,0.27048354256794654,0.5465805080190842,0.1829359494129717,neutral,positive
137,0.40904305957572934,0.15842180888179325,0.43253513154247586,positive,neutral
138,0.07695913158267073,0.7640311519564176,0.15900971646091838,neutral,positive
139,0.13435938529629643,0.5656282743513009,0.3000123403524019,neutral,neutral
140,0.05992932022796708,0.000598052447451654,0.9394726273245778,positive,positive
141,0.22897703319881701,0.2780366927837989,0.4929862740173837,positive,neutral
142,0.07854355707118761,0.17947269135347477,0.7419837515753354,positive,positive
143,0.0196722457766115,0.6305466686455438,0.34978108557784177,neutral,neutral
144,0.01798987140459307,0.004373752245836546,0.9776363763495693,positive,positive
145,0.07144708508712239,0.12425530546988355,0.8042976094429936,positive,positive
146,0.07732097390950572,0.11485588268393022,0.8078231434065671,positive,positive
147,0.19831839750581529,0.4762948482372981,0.32538675425688796,neutral,neutral
148,0.45551182681988966,0.26772186981200474,0.2767663033681062,negative,positive
149,0.7639624352779311,0.085480123232716,0.15055744148935388,negative,negative
150,0.07602796218631075,0.8153269236752029,0.10864511413848535,neutral,neutral
151,0.47478673871293386,0.30357625274431116,0.22163700854276075,negative,negative
152,0.023016905094075897,0.50574494967692,0.47123814522900576,neutral,neutral
153,0.28074373357031995,0.21591284076773842,0.5033434256619403,positive,neutral
154,0.7481558120792953,0.21881657913159883,0.03302760878910658,negative,negative
155,0.13293611306216851,0.3688904269006116,0.49817346003722013,positive,positive
156,0.3689019915525508,0.47771373068850465,0.1533842777589441,neutral,positive
157,0.06482589571106405,0.10282647635110148,0.8323476279378375,positive,positive
158,0.15159359626207314,0.4615358211980941,0.3868705825398317,neutral,neutral
159,0.41068207280317925,0.08915153869523142,0.5001663885015925,positive,neutral
160,0.4532308893751586,0.3138105492015592,0.23295856142328017,negative,negative
161,0.11699726606402874,0.3327782210284179,0.5502245129075527,positive,positive
162,0.12992508120812185,0.2897194229001745,0.5803554958917045,positive,positive
163,0.12805542307811393,0.5490744467302967,0.3228701301915901,neutral,positive
164,0.23824348315183347,0.5120325687414714,0.2497239481066957,neutral,positive
165,0.09894795657744508,0.6339672808669599,0.2670847625556008,neutral,positive
166,0.5544981538184299,0.17122051988066575,0.2742813263009042,negative,positive
167,0.04575752769709994,0.24362074031632414,0.7106217319865742,positive,positive
168,0.36092987936721493,0.5495717187211986,0.08949840191158913,neutral,negative
169,0.4898427911260624,0.11038233482528242,0.39977487404865875,negative,negative
170,0.16510750748994737,0.565054981087216,0.2698375114228361,neutral,positive
171,0.12837060937673578,0.04107944439894988,0.8305499462243161,positive,positive
172,0.07671958272391198,0.10600791951219858,0.8172724977638882,positive,negative
173,0.17445599176908733,0.38311545568372923,0.44242855254718333,positive,neutral
174,0.17714931305561843,0.21041195540489116,0.6124387315394901,positive,negative
175,0.5155451793735155,0.16487818948145463,0.31957663114502877,negative,positive
176,0.3287969497197621,0.4305550291050398,0.24064802117519873,neutral,negative
177,0.04144677409219685,0.9284447523280478,0.03010847357975509,neutral,neutral
178,0.0812080134298879,0.7777632820042754,0.1410287045658336,neutral,negative
179,0.05597207425876951,0.1118334559225951,0.8321944698186375,positive,positive
180,0.16460722482877754,0.6398378316566087,0.19555494351461505,neutral,neutral
181,0.00023241746435162067,0.00023898912317828696,0.999528593412471,positive,positive
182,0.1373584636245144,0.3314644200329117,0.5311771163425734,positive,positive
183,0.09763688338083143,0.5820018012003827,0.3203613154187873,neutral,neutral
184,0.0220665442036167,0.12800836991856157,0.8499250858778233,positive,positive
185,0.17445599176908733,0.38311545568372923,0.44242855254718333,positive,neutral
186,0.07540022797671099,0.6369251640806947,0.28767460794259553,neutral,positive
187,0.4362580071395151,0.3732382635189804,0.1905037293415063,negative,negative
188,0.3352335047120637,0.39202269327166417,0.2727438020162723,neutral,neutral
189,0.85014801253605,0.049877861598203864,0.09997412586574955,negative,positive
190,0.13421024578534985,0.8319968202816447,0.03379293393300073,neutral,neutral
191,0.26720139933627457,0.5173549962770657,0.21544360438666005,neutral,positive
192,0.0017841625118413887,0.0014125363858326226,0.9968033011023226,positive,positive
193,0.07304414469391922,0.4439329444678861,0.4830229108381952,positive,neutral
194,0.35674800153206104,0.24262695726793562,0.40062504120000436,positive,positive
195,0.12866219039569518,0.17053630900802397,0.7008015005962823,positive,neutral
196,0.06644132248309491,0.03999525895891948,0.8935634185579858,positive,positive
197,0.0017717737887418643,0.0012296087688027746,0.9969986174424548,positive,positive
198,0.0015258366371754101,0.006876692027973421,0.9915974713348544,positive,positive
199,0.22317647784049954,0.07550126393901314,0.7013222582204881,positive,positive
200,0.7852483217845806,0.042258172602605004,0.17249350561281976,negative,negative
201,0.2621299190120378,0.4753746368594391,0.2624954441285204,neutral,neutral
202,0.0036271089522390094,0.030404262910778097,0.9659686281369837,positive,positive
203,0.36900307293580403,0.30553377680592736,0.325463150258267,negative,negative
204,0.15180701739127409,0.4429705541229507,0.40522242848577517,neutral,neutral
205,0.570100068510313,0.13332475166561344,0.2965751798240745,negative,negative
206,0.12643411716636763,0.15534417276772308,0.7182217100659098,positive,neutral
207,0.21914128364549482,0.3512630792108335,0.4295956371436714,positive,negative
208,0.08367674854551613,0.13506846505034012,0.7812547864041439,positive,positive
209,0.07076544298726924,0.3648979462410022,0.5643366107717288,positive,positive
210,0.33269282965160096,0.37078847476692184,0.29651869558147625,neutral,neutral
211,0.3063019348366086,0.06297711624316436,0.6307209489202222,positive,negative
212,0.02939286154166084,0.05339580666933367,0.9172113317890043,positive,positive
213,0.01315402640255478,0.03178627229025655,0.9550597013071864,positive,positive
214,0.6851792664760235,0.17483604236848976,0.13998469115548984,negative,positive
215,0.24784618310150447,0.28409249723924884,0.4680613196592461,positive,negative
216,0.4529541210161814,0.24721036397240662,0.29983551501141215,negative,positive
217,0.8408403591396254,0.09236743216658448,0.06679220869378742,negative,negative
218,0.730863001960618,0.17603774379325332,0.09309925424612218,negative,negative
219,0.231098181777369,0.4058611692199531,0.3630406490026756,neutral,neutral
220,0.17014680787488132,0.6508772829403323,0.17897590918478604,neutral,negative
221,0.17445599176908733,0.38311545568372923,0.44242855254718333,positive,positive
222,0.7544014145347835,0.13587229774683324,0.1097262877183893,negative,positive
223,0.49900849867687835,0.3413352983339248,0.15965620298919572,negative,negative
224,0.14175599544927805,0.12640736748484496,0.731836637065877,positive,neutral
225,0.608593518073289,0.26301806708528674,0.12838841484142477,negative,neutral
226,0.09282164769545459,0.03553214675591591,0.8716462055486267,positive,positive
227,0.5023259671179812,0.3179175807220291,0.17975645215998803,negative,positive
228,0.4870452867301088,0.15614043189871663,0.3568142813711739,negative,negative
229,0.1413211062572907,0.4625952912642172,0.39608360247849195,neutral,neutral
230,0.14822100118024806,0.07158128997553916,0.7801977088442139,positive,positive
231,0.5782465645657562,0.20119265833004704,0.22056077710419514,negative,negative
232,0.25242271621180934,0.340419973693874,0.4071573100943179,positive,neutral
233,0.7769089861669872,0.2160793651523434,0.0070116486806722726,negative,negative
234,0.13844688339883152,0.4371790114583722,0.4243741051427949,neutral,neutral
235,0.3902647291022872,0.055117805502278384,0.5546174653954276,positive,neutral
236,0.12131934467977419,0.4531102936177375,0.42557036170248896,neutral,neutral
237,0.26300908070917894,0.3678648487097536,0.3691260705810646,positive,positive
238,0.04189058505231791,0.12126074667300185,0.8368486682746786,positive,positive
239,0.22013753218154297,0.3294855520671588,0.45037691575129657,positive,negative
240,0.8202701431037006,0.006520205521051906,0.17320965137524796,negative,negative
241,0.2401825898157427,0.26264303744483364,0.49717437273942217,positive,positive
242,0.18545925404972832,0.7778935428031355,0.03664720314713736,neutral,neutral
243,0.2089123020499041,0.3681628805349878,0.42292481741510746,positive,neutral
244,0.09811873598775288,0.7443924401364168,0.1574888238758302,neutral,positive
245,0.12767166067044547,0.4674312193827823,0.40489711994677263,neutral,positive
246,0.0020675902567598567,0.0016620719885622843,0.9962703377546801,positive,positive
247,0.0767944555778813,0.34260409359055904,0.5806014508315589,positive,positive
248,0.23569667678320222,0.445560455503736,0.31874286771306326,neutral,neutral
249,0.02143078890313944,0.7805036260648224,0.1980655850320409,neutral,neutral
250,0.005062262880883819,0.07534956046028074,0.9195881766588366,positive,positive
251,0.4408561767116782,0.3402658584395667,0.2188779648487529,negative,neutral
252,0.2637435391895884,0.31218827045641223,0.42406819035400095,positive,positive
253,0.18314904250230105,0.3778941007932106,0.43895685670448725,positive,negative
254,0.3320064493376457,0.41004536523390345,0.2579481854284524,neutral,neutral
255,0.17445599176908733,0.38311545568372923,0.44242855254718333,positive,positive
256,0.03869782033393183,0.9388327549916557,0.022469424674413794,neutral,neutral
257,0.6388417062361328,0.17123511432543012,0.18992317943843667,negative,negative
258,0.3623084823331567,0.4023531546821456,0.23533836298470115,neutral,neutral
259,0.372535175751782,0.5570853607998736,0.07037946344834321,neutral,positive
260,0.25641126426255645,0.435017703888974,0.3085710318484732,neutral,neutral
261,0.29918747937048784,0.017625688205371783,0.6831868324241439,positive,neutral
262,0.228455077400032,0.7231856785519357,0.04835924404803112,neutral,neutral
263,0.6452587864112321,0.10667270322302731,0.24806851036574099,negative,negative
264,0.5347696208715159,0.21231053427644878,0.25291984485203517,negative,negative
265,0.03635285432089215,0.02295061523008078,0.9406965304490262,positive,positive
266,0.01937044894854709,0.07124029401104925,0.9093892570404046,positive,positive
267,0.6970845817251747,0.22661551469152366,0.0762999035832981,negative,neutral
268,0.28097257460165265,0.24740554182892,0.47162188356942814,positive,negative
269,0.004953874551721612,0.0032293817685896233,0.9918167436796896,positive,positive
270,0.1459504830519329,0.5823213494877308,0.27172816746033507,neutral,negative
271,0.10042283284674157,0.2260741221912117,0.6735030449620468,positive,positive
272,0.31244428375444094,0.3152452743651508,0.3723104418804079,positive,negative
273,0.5699888906708571,0.052044639081729634,0.3779664702474097,negative,negative
274,0.08018887656888755,0.08542229442513179,0.8343888290059801,positive,positive
275,0.3120472019552291,0.17036923134722548,0.5175835666975467,positive,positive
276,0.07063266422255174,0.007438531697246901,0.9219288040802035,positive,positive
277,0.19494497001337696,0.6939294758910013,0.11112555409562143,neutral,neutral
278,0.17445599176908733,0.38311545568372923,0.44242855254718333,positive,neutral
279,0.0280154926327817,0.5009711801296882,0.47101332723752876,neutral,positive
280,0.19475563381480746,0.2275245675889207,0.5777197985962721,positive,neutral
281,0.2544749589448353,0.6363665953524451,0.10915844570272286,neutral,positive
282,0.10302809948177714,0.7488342737095017,0.14813762680872147,neutral,neutral
283,0.1440187432534625,0.11807615887332763,0.7379050978732081,positive,neutral
284,0.05415919721119232,0.2519575892138765,0.6938832135749342,positive,neutral
285,0.2977402992340957,0.4204102510580887,0.2818494497078168,neutral,positive
286,0.04192141454288147,0.40566677724543326,0.5524118082116841,positive,positive
287,0.0032404496744741582,0.012828193428835583,0.9839313568966874,positive,positive
288,0.0024624678614847345,0.00025039386771818996,0.9972871382707937,positive,positive
289,0.09623837656948783,0.05508637050657601,0.8486752529239359,positive,negative
290,0.15905161661560988,0.4812316161461482,0.35971676723824275,neutral,neutral
291,0.12104054082093303,0.36439595400760205,0.5145635051714643,positive,positive
292,0.007876633749617733,0.02108674912816809,0.9710366171222101,positive,negative
293,0.2414587305386202,0.069945406422239,0.6885958630391406,positive,negative
294,0.1115535608796448,0.445431551711357,0.44301488740899947,neutral,neutral
295,0.14581147486698037,0.4612401175364408,0.3929484075965789,neutral,neutral
296,0.030596203796572137,0.1637843811490456,0.8056194150543851,positive,neutral
297,0.33670752634818185,0.28360619367220474,0.3796862799796133,positive,neutral
298,0.7029411723576972,0.1255832319433959,0.17147559569890747,negative,negative
299,0.004106490824610837,0.015678970927528922,0.9802145382478606,positive,positive
300,0.2861288869604631,0.2897286406694837,0.42414247237005404,positive,negative
301,0.6199501023305599,0.2478949785752342,0.13215491909420718,negative,negative
302,0.0012467436465102187,0.002707183810859319,0.9960460725426293,positive,positive
303,0.025798118901105952,0.012157547483988779,0.962044333614904,positive,positive
304,0.04780954805440597,0.23997839137106533,0.7122120605745281,positive,positive
305,0.016277782068817997,0.07768047881773511,0.9060417391134458,positive,positive
306,0.040278303796518714,0.03697901774428276,0.9227426784591996,positive,positive
307,0.08322873429719964,0.8966011222793401,0.02017014342345674,neutral,neutral
308,0.17912328803445862,0.3380207116064518,0.4828560003590901,positive,positive
309,0.809522656339314,0.0527353889516507,0.13774195470903464,negative,positive
310,0.1936736486145376,0.4149440517973711,0.39138229958809106,neutral,neutral
311,0.10612990945417326,0.6262696498003506,0.2676004407454767,neutral,neutral
312,0.16261869564078824,0.5284336044192813,0.30894769993993254,neutral,neutral
313,0.2969536987940781,0.4133738781861398,0.28967242301978124,neutral,negative
314,0.14259974373847656,0.2296166925831395,0.6277835636783837,positive,positive
315,0.4889210131380598,0.23572223927120534,0.2753567475907374,negative,negative
316,0.9337798908341083,0.05672453606657725,0.00949557309931576,negative,negative
317,0.0873309674460788,0.245670357067633,0.6669986754862861,positive,neutral
318,0.21179925741649305,0.7404059473932231,0.047794795190284484,neutral,neutral
319,0.07058815456838224,0.05579008190787688,0.8736217635237412,positive,positive
320,0.13469706645846166,0.5550366063873554,0.31026632715418556,neutral,negative
321,0.26147761151661897,0.15202003762687863,0.5865023508565057,positive,positive
322,0.12496000994693435,0.6458846769102801,0.22915531314278403,neutral,neutral
323,0.025925734271110196,0.01362261300994165,0.9604516527189498,positive,positive
324,0.2223762398045178,0.18436314987132843,0.5932606103241516,positive,positive
325,0.3566078878096725,0.6066006122722015,0.03679149991812789,neutral,negative
326,0.13361765537877923,0.3800406570249918,0.486341687596231,positive,positive
327,0.12222675758467502,0.4550218956663129,0.4227513467490126,neutral,neutral
328,0.3439800626641382,0.05215359648378263,0.6038663408520801,positive,positive
329,0.18610588234524608,0.29405346227066054,0.5198406553840931,positive,neutral
330,0.008510632294306328,0.004207848229138846,0.9872815194765536,positive,positive
331,0.0032195616842152163,0.0019893295938166857,0.9947911087219695,positive,positive
332,0.3138880226135534,0.23329320850225888,0.4528187688841883,positive,positive
333,0.07498054207498378,0.7467707802149165,0.17824867771010097,neutral,neutral
334,0.6372824091308292,0.16671128854392428,0.1960063023252468,negative,negative
335,0.6725999451410974,0.12908592512330425,0.1983141297356019,negative,neutral
336,0.10368169922557803,0.32757975130272576,0.5687385494716972,positive,positive
337,0.00963764962670335,0.014511156592442762,0.9758511937808532,positive,positive
338,0.41190262100652936,0.30630188036650197,0.281795498626968,negative,neutral
339,0.9911430296530779,0.0027960967072284348,0.0060608736396942945,negative,negative
340,0.043747714696717,0.04917248531686598,0.9070797999864165,positive,positive
341,0.24749825611030507,0.4176910311177918,0.33481071277190433,neutral,neutral
342,0.13691092475146283,0.5119350652398931,0.3511540100086452,neutral,neutral
343,0.37585696170853833,0.07058087733193692,0.553562160959523,positive,positive
344,0.02511130102985249,0.023504771191368738,0.9513839277787803,positive,positive
345,0.11803262912475757,0.7168239689615313,0.16514340191370963,neutral,positive
346,0.1566776325209903,0.3367562006541877,0.5065661668248211,positive,positive
347,0.5505409934311383,0.08273252026021542,0.36672648630864557,negative,positive
348,0.039707339320588626,0.05800959277033973,0.9022830679090702,positive,positive
349,0.4901079985176515,0.01777134285868311,0.4921206586236628,positive,positive
350,0.013237181060441852,0.008889648026732878,0.9778731709128247,positive,positive
351,0.17020941590371957,0.5780624028158756,0.2517281812804059,neutral,positive
352,0.1630325368595046,0.6977527328778143,0.13921473026268188,neutral,positive
353,0.1858619442411603,0.7647341944154437,0.04940386134339929,neutral,negative
354,0.2664921243859225,0.2915171333052787,0.44199074230879853,positive,positive
355,0.9089082277869375,0.019016670614844983,0.07207510159821542,negative,negative
356,0.1393155586760599,0.36822877950537386,0.4924556618185665,positive,negative
357,0.18281502216483908,0.08803838814167377,0.7291465896934903,positive,positive
358,0.20719394359551963,0.25122753611160875,0.5415785202928703,positive,negative
359,0.09718411486681779,0.7058827261682626,0.19693315896492256,neutral,neutral
360,0.08582846075709767,0.6429161795232387,0.27125535971966286,neutral,neutral
361,0.39875434929619724,0.37263828897686824,0.2286073617269351,negative,neutral
362,0.203868858697227,0.5159002230107077,0.28023091829206864,neutral,negative
363,0.22367110480011035,0.408148798853719,0.36818009634616883,neutral,negative
364,0.12480544211114626,0.3370114662767594,0.5381830916120943,positive,neutral
365,0.3249960552675355,0.3790036834252201,0.296000261307246,neutral,negative
366,0.15029492432688898,0.5329441687579825,0.31676090691513104,neutral,positive
367,0.08526173232095563,0.08084860925719595,0.8338896584218468,positive,positive
368,0.6429274721686903,0.16289056111953806,0.19418196671177343,negative,neutral
369,0.20074688548190783,0.19388964294265634,0.6053634715754388,positive,neutral
370,0.3890616535763887,0.5143283894773049,0.09660995694630944,neutral,neutral
371,0.7393202080975926,0.02674605610621522,0.23393373579619253,negative,negative
372,0.15559401603356593,0.6297874361623262,0.21461854780410788,neutral,neutral
373,0.14994182712074966,0.24661570282738102,0.6034424700518684,positive,neutral
374,0.7481114072852272,0.05451810217953805,0.19737049053523625,negative,negative
375,0.07763108042704951,0.25365726474107797,0.6687116548318733,positive,positive
376,0.5187293215851718,0.16396939320610143,0.31730128520872636,negative,negative
377,0.009097748434051763,0.005328736737267079,0.9855735148286838,positive,positive
378,0.16703075206782264,0.39730858331156366,0.435660664620614,positive,negative
379,0.17445599176908733,0.38311545568372923,0.44242855254718333,positive,negative
380,0.18975478521967848,0.7967736627118982,0.013471552068422704,neutral,positive
381,0.7398757763379693,0.09649421656724053,0.16363000709478762,negative,positive
382,0.4591141551618684,0.08564742307082535,0.45523842176730606,negative,neutral
383,0.0851480097619859,0.22511285117048083,0.6897391390675326,positive,negative
384,0.054057200474012454,0.08573284822544898,0.8602099513005383,positive,positive
385,0.6975948316771926,0.04433994926539402,0.25806521905741237,negative,negative
386,0.05049898491726825,0.810142720191765,0.1393582948909653,neutral,neutral
387,0.6062484706397765,0.38008267897015,0.013668850390076351,negative,neutral
388,0.1572549230098785,0.6519014222828192,0.19084365470730372,neutral,neutral
389,0.24821289343470318,0.1788319948911001,0.5729551116741967,positive,positive
390,0.0049711065478887685,0.0003117688723694987,0.9947171245797406,positive,positive
391,0.5835207533850685,0.31583511124819147,0.10064413536674299,negative,neutral
392,0.16409202318488206,0.4157767522465297,0.42013122456858865,positive,negative
393,0.15947937493918266,0.47499194320068455,0.36552868186013193,neutral,positive
394,0.9789323986146165,0.008074446978513847,0.012993154406871897,negative,negative
395,0.113367057656784,0.8731274671329724,0.013505475210245824,neutral,neutral
396,0.028337896560411652,0.017652449356536065,0.9540096540830528,positive,negative
397,0.3307085364715221,0.16752670542830855,0.5017647581001708,positive,negative
398,0.05727514031673637,0.10270830899817647,0.8400165506850874,positive,negative
399,0.27480602255129455,0.15070881585830231,0.5744851615904015,positive,neutral
400,0.17445599176908733,0.38311545568372923,0.44242855254718333,positive,neutral
401,0.5627809474219436,0.196156436218474,0.24106261635958381,negative,positive
402,0.26571941195136906,0.08373940679747459,0.6505411812511581,positive,negative
403,0.22011736430804135,0.07434212888981118,0.7055405068021472,positive,positive
404,0.7645710247957687,0.11604802809806257,0.11938094710616808,negative,negative
405,0.027871329741355533,0.11352625541656844,0.858602414842078,positive,positive
406,0.038310949272546774,0.29638492663314625,0.6653041240943052,positive,positive
407,0.155525684434979,0.38839426376187547,0.4560800518031485,positive,negative
408,0.018045579893170308,0.10351032274163825,0.8784440973651887,positive,positive
409,0.1585665668504572,0.11968732807121511,0.721746105078328,positive,positive
410,0.12508967090728423,0.14294710704047703,0.7319632220522403,positive,neutral
411,0.0051668056663356915,0.003822446278388674,0.9910107480552753,positive,positive
412,0.38598730369339335,0.047871652477848144,0.5661410438287562,positive,positive
413,0.021997042065077722,0.024205647866426965,0.953797310068496,positive,positive
414,0.04998160719575914,0.16163035681724713,0.7883880359869928,positive,negative
415,0.013560145518880589,0.026613868630799165,0.9598259858503215,positive,positive
416,0.18939646252759593,0.7824951081814583,0.028108429290947937,neutral,positive
417,0.1633527251855688,0.39372683774709527,0.4429204370673353,positive,positive
418,0.30841212949714963,0.08446682278799328,0.6071210477148589,positive,neutral
419,0.17104823742705313,0.41423352084140475,0.4147182417315435,positive,neutral
420,0.10508076520164782,0.32361334440900147,0.5713058903893532,positive,positive
421,0.5674782721872942,0.27694960535256824,0.15557212246013655,negative,positive
422,0.018720469828901794,0.012915757065885384,0.9683637731052104,positive,positive
423,0.22315394914739564,0.2960693058570022,0.48077674499560047,positive,negative
424,0.48415561414065394,0.2869036500522242,0.22894073580711927,negative,neutral
425,0.12296757513829402,0.35384802839526425,0.5231843964664419,positive,positive
426,0.04941076330840012,0.13994098171049693,0.8106482549811022,positive,positive
427,0.15682796851564615,0.03775785009359048,0.8054141813907634,positive,positive
428,0.15814837271004098,0.39421077216268235,0.44764085512727597,positive,positive
429,0.6906605371465333,0.1541809717865077,0.1551584910669603,negative,negative
430,0.009716102245064515,0.00992961991797585,0.9803542778369608,positive,positive
431,0.38273009147360293,0.13415133399719528,0.4831185745292006,positive,negative
432,0.15945825678690045,0.326310759289984,0.5142309839231162,positive,neutral
433,0.20064358262719417,0.18581010744259788,0.6135463099302096,positive,neutral
434,0.0969256723859301,0.44611314288097165,0.4569611847330977,positive,neutral
435,0.034444743633449564,0.31546052992449286,0.6500947264420586,positive,neutral
436,0.4628081211813559,0.2377958628493032,0.29939601596934023,negative,neutral
437,0.027502322487967808,0.021512281266733848,0.9509853962452985,positive,positive
438,0.3961861977941448,0.270491715488847,0.3333220867170049,negative,neutral
439,0.43267280073907183,0.2948703988469069,0.2724568004140198,negative,neutral
440,0.7106481404314158,0.251534210899041,0.03781764866954357,negative,negative
441,0.0030370053204832386,0.0009083477909000629,0.9960546468886146,positive,positive
442,0.09354914200705022,0.36046506449065613,0.5459857935022969,positive,positive
443,0.008104112632195046,0.05288927182986953,0.939006615537937,positive,positive
444,0.45352977946295286,0.3677915915193775,0.1786786290176673,negative,negative
445,0.05012445277772934,0.6887044632865822,0.26117108393569005,neutral,neutral
446,0.26428822733938007,0.2918841212783364,0.44382765138228486,positive,positive
447,0.4296787148731983,0.4523153286999336,0.11800595642687091,neutral,neutral
448,0.3002502138478986,0.5891068776893135,0.11064290846278849,neutral,negative
449,0.25908735753079953,0.5619256627365463,0.1789869797326537,neutral,negative
450,0.1555977735182048,0.3059223555664281,0.5384798709153691,positive,neutral
451,0.5989853964157509,0.04893694238981493,0.35207766119443396,negative,positive
452,0.179014348150647,0.38021554406214475,0.4407701077872092,positive,positive
453,0.38969970796528625,0.24231740309654878,0.36798288893816167,negative,negative
454,0.6795254127004714,0.28728364336219203,0.0331909439373394,negative,negative
455,0.014045839019602872,0.14404023290815232,0.8419139280722479,positive,positive
456,0.22781688657159066,0.25067355358427107,0.5215095598441385,positive,negative
457,0.05501348733394776,0.36112911964573746,0.5838573930203148,positive,positive
458,0.17445599176908733,0.38311545568372923,0.44242855254718333,positive,positive
459,0.1330961861407645,0.12122031235407872,0.7456835015051583,positive,positive
460,0.15506379136239623,0.5730213087640493,0.27191489987355594,neutral,negative
461,0.3256682552001497,0.23793886459730104,0.43639288020254935,positive,neutral
462,0.8548627565376552,0.10201088473623181,0.04312635872611592,negative,neutral
463,0.09686724240263032,0.5812531644230692,0.32187959317429965,neutral,neutral
464,0.4811100655739359,0.028891736182657887,0.48999819824340485,positive,positive
465,0.6577966398333221,0.08939019721734122,0.252813162949339,negative,negative
466,0.08915682318779782,0.10462409468819975,0.8062190821240011,positive,positive
467,0.21545065355816065,0.10966873408032955,0.6748806123615101,positive,neutral
468,0.011843853060721268,0.010772562975349495,0.9773835839639304,positive,positive
469,0.5623185111383567,0.06330062070483919,0.3743808681568045,negative,negative
470,0.1562414533638019,0.591997274776694,0.2517612718595075,neutral,positive
471,0.20877229721993645,0.4379664880730687,0.3532612147069921,neutral,neutral
472,0.1371247296833873,0.05237574257580742,0.8104995277408044,positive,positive
473,0.626276319150293,0.08697160910368086,0.28675207174602474,negative,negative
474,0.20591973741867586,0.6035231258985684,0.19055713668275506,neutral,neutral
475,0.028359129224317273,0.06979055297561917,0.9018503178000631,positive,positive
476,0.059011969107526846,0.18956071204957223,0.751427318842901,positive,positive
477,0.7487152429645781,0.20145628447691086,0.04982847255851397,negative,negative
478,0.08113153868277902,0.26894130361941043,0.6499271576978117,positive,positive
479,0.12814462527795323,0.19529869248575485,0.6765566822362918,positive,positive
480,0.07015550297074598,0.06845308283956,0.8613914141896942,positive,negative
481,0.04292258177774301,0.15305341592946853,0.8040240022927873,positive,positive
482,0.7792857961959567,0.1175586670385294,0.1031555367655126,negative,positive
483,0.250759517537888,0.5627408052039976,0.18649967725811778,neutral,positive
484,0.6589498647848933,0.02390795458614419,0.31714218062896304,negative,negative
485,0.4232209577092556,0.33677290467712057,0.240006137613624,negative,neutral
486,0.002468344765713079,0.004613272830563283,0.9929183824037264,positive,positive
487,0.08817917594785758,0.5946816500938578,0.31713917395828456,neutral,neutral
488,0.4808395797235779,0.1895131370826033,0.3296472831938152,negative,positive
489,0.7147605997951464,0.1740365494734833,0.11120285073137108,negative,negative
490,0.02853906856697935,0.021956364620839313,0.9495045668121798,positive,positive
491,0.15498922627632356,0.2071233732463925,0.637887400477283,positive,positive
492,0.10041892864355872,0.007396109387046651,0.8921849619693939,positive,negative
493,0.09257053493134638,0.038896145535414504,0.8685333195332364,positive,positive
494,0.0778058645889902,0.42444533247097216,0.4977488029400352,positive,positive
495,0.046655226946201465,0.09246960066494518,0.8608751723888541,positive,positive
496,0.0005782083434049569,0.0009963462181436017,0.9984254454384525,positive,positive
497,0.17445599176908733,0.38311545568372923,0.44242855254718333,positive,neutral
