,negative_prob,neutral_prob,positive_prob,predicted,true
0,0.1801121221326454,0.3512640943813809,0.4686237834859735,positive,positive
1,0.23806644708531183,0.36066828428499836,0.40126526862969014,positive,neutral
2,0.395679826250761,0.27112078697979963,0.33319938676944105,negative,negative
3,0.022460526926924327,0.010557271842168672,0.9669822012309072,positive,positive
4,0.5588261238150223,0.17712146108449894,0.264052415100478,negative,negative
5,0.1648211017521489,0.15163776359471365,0.6835411346531368,positive,positive
6,0.27575318983356545,0.24713805867980215,0.47710875148663234,positive,negative
7,0.2912511978872624,0.21728372041510774,0.49146508169763015,positive,neutral
8,0.23841841653468088,0.3526453149263621,0.40893626853895787,positive,positive
9,0.09347544499236404,0.2564517686731641,0.6500727863344726,positive,neutral
10,0.15805702155376425,0.4435324717054622,0.39841050674077366,neutral,positive
11,0.2341111152246039,0.37017351657469105,0.39571536820070496,positive,positive
12,0.21514471738814334,0.30250427641787936,0.4823510061939765,positive,positive
13,0.20347177265788818,0.4030827051451497,0.3934455221969612,neutral,neutral
14,0.27588757716556706,0.436975044924554,0.2871373779098798,neutral,negative
15,0.29648104158764915,0.26544838997048487,0.43807056844186565,positive,negative
16,0.1813824229779959,0.33672301575353825,0.48189456126846586,positive,neutral
17,0.3821664824460506,0.2625975648447989,0.3552359527091507,negative,negative
18,0.553415428209936,0.20607566577486613,0.24050890601519684,negative,negative
19,0.18477836431149397,0.19086315823925465,0.6243584774492518,positive,neutral
20,0.16865629490254289,0.4969514361481747,0.33439226894928226,neutral,positive
21,0.41796720319814135,0.21516636453303523,0.36686643226882326,negative,negative
22,0.07062587326683388,0.11760175440907311,0.8117723723240942,positive,positive
23,0.07261392560222864,0.33045705223253796,0.596929022165233,positive,positive
24,0.21136199209578585,0.36805095385346565,0.42058705405074814,positive,positive
25,0.04430094831876923,0.043998016285038785,0.9117010353961914,positive,positive
26,0.5227338900967108,0.1502700469762123,0.3269960629270785,negative,negative
27,0.30222543451882095,0.1990847640556395,0.4986898014255392,positive,neutral
28,0.11247160874933283,0.0868287557256579,0.8006996355250107,positive,neutral
29,0.2748244335012539,0.3523818149278786,0.3727937515708677,positive,neutral
30,0.029090222033401118,0.014553837235803472,0.9563559407307956,positive,positive
31,0.25943848522234647,0.26478713771322615,0.47577437706442605,positive,negative
32,0.32855994631550683,0.3748840402289651,0.2965560134555276,neutral,neutral
33,0.32801680078638,0.2324077665139871,0.43957543269963345,positive,neutral
34,0.2350450553062268,0.48976450305668495,0.2751904416370879,neutral,neutral
35,0.1722950367342662,0.18135127186878944,0.6463536913969434,positive,negative
36,0.13501140806037595,0.270704824742924,0.5942837671966998,positive,positive
37,0.04312481304784782,0.08650306296141085,0.8703721239907416,positive,positive
38,0.025010931186927696,0.009694746206378616,0.9652943226066941,positive,positive
39,0.15028337683309748,0.059693623670000584,0.790022999496902,positive,positive
40,0.21810511360445073,0.2929655322048382,0.4889293541907103,positive,positive
41,0.25288376220053227,0.2802129547471162,0.4669032830523515,positive,neutral
42,0.2701976978834744,0.19612510273449188,0.5336771993820343,positive,neutral
43,0.2474146085735015,0.45474205598473005,0.2978433354417692,neutral,neutral
44,0.21599946455572433,0.42217074193065635,0.3618297935136192,neutral,neutral
45,0.165370673151839,0.2685449058956128,0.5660844209525473,positive,positive
46,0.32220886644382957,0.31880922553709423,0.3589819080190767,positive,positive
47,0.012990022978336993,0.012430847528840026,0.9745791294928228,positive,positive
48,0.24824995836973635,0.37081870001199807,0.3809313416182655,positive,neutral
49,0.12340638366057434,0.361006994491438,0.515586621847989,positive,positive
50,0.21945520236829258,0.48913696084706604,0.2914078367846414,neutral,neutral
51,0.16545301511785435,0.2935655812645836,0.5409814036175629,positive,positive
52,0.15899289358356963,0.23983453879843358,0.6011725676179971,positive,positive
53,0.18532617575360025,0.342844133202708,0.4718296910436918,positive,positive
54,0.1284768144352321,0.15321559447891758,0.7183075910858494,positive,positive
55,0.2703033024660059,0.433961245080558,0.29573545245343535,neutral,negative
56,0.44183334233237476,0.1839357217274166,0.3742309359402089,negative,negative
57,0.1344577437444681,0.14628145218128275,0.7192608040742493,positive,positive
58,0.32025865498341827,0.20899848868422077,0.47074285633236046,positive,negative
59,0.2075066099807845,0.4311140093059138,0.3613793807133009,neutral,neutral
60,0.11173469656872503,0.17773111532944422,0.7105341881018311,positive,positive
61,0.16786772979391526,0.25102550545970276,0.5811067647463822,positive,positive
62,0.13415262075038967,0.3293268610323794,0.5365205182172317,positive,positive
63,0.2047286498066608,0.22591939789585372,0.5693519522974853,positive,positive
64,0.1894910984646675,0.10490309999173134,0.705605801543602,positive,positive
65,0.0812119296104699,0.14693299210886734,0.7718550782806632,positive,positive
66,0.11181714011818213,0.17244065149351748,0.7157422083882999,positive,positive
67,0.2445741794879132,0.44381905744827366,0.311606763063813,neutral,neutral
68,0.20413202529802063,0.2354946350162682,0.5603733396857118,positive,negative
69,0.13622812888454058,0.29907150913374553,0.5647003619817142,positive,neutral
70,0.1781307836143991,0.21383588269117587,0.6080333336944242,positive,positive
71,0.25288376220053227,0.2802129547471162,0.4669032830523515,positive,negative
72,0.12627214568755188,0.24657643978101518,0.627151414531433,positive,positive
73,0.274066195590995,0.3162309169852765,0.40970288742372774,positive,neutral
74,0.393283607726204,0.34887636488047785,0.25784002739331685,negative,positive
75,0.6534595954529677,0.1342107150042498,0.212329689542783,negative,negative
76,0.15613908631750298,0.2972187536281325,0.5466421600543641,positive,neutral
77,0.12443163717496122,0.25756410055105466,0.618004262273984,positive,positive
78,0.16417304574154107,0.3502205805367788,0.485606373721681,positive,positive
79,0.25288376220053227,0.2802129547471162,0.4669032830523515,positive,neutral
80,0.16933211344422658,0.18569620011297538,0.6449716864427971,positive,neutral
81,0.4015221445609416,0.24938408571185564,0.3490937697272028,negative,negative
82,0.099326284722178,0.16678011303491697,0.7338936022429046,positive,positive
83,0.42481118427382425,0.36042191748381086,0.21476689824236528,negative,positive
84,0.31956570864273803,0.42048110376035497,0.25995318759690744,neutral,negative
85,0.46207957331567767,0.11623858844546425,0.42168183823885885,negative,negative
86,0.16553706372699725,0.3015924808547758,0.5328704554182264,positive,negative
87,0.2844997639180418,0.40208565919977,0.3134145768821882,neutral,neutral
88,0.23272067133374977,0.2854598988548882,0.48181942981136106,positive,neutral
89,0.1886778556034725,0.08924369327369408,0.7220784511228326,positive,positive
90,0.18062985447110091,0.27709715881056146,0.5422729867183379,positive,positive
91,0.19101023579663629,0.33798852512312194,0.47100123908024194,positive,positive
92,0.23994829839973053,0.2554233061430251,0.5046283954572442,positive,positive
93,0.23880895843260158,0.3075770707898444,0.4536139707775531,positive,neutral
94,0.20952316713208846,0.25625534036292485,0.5342214925049857,positive,positive
95,0.25288376220053227,0.2802129547471162,0.4669032830523515,positive,neutral
96,0.1580068404736967,0.4788371719907118,0.3631559875355912,neutral,neutral
97,0.19522950383578935,0.30824019546934267,0.49653030069486853,positive,neutral
98,0.19204001769869194,0.14538589051675085,0.6625740917845574,positive,neutral
99,0.14518237375003967,0.1813904671419586,0.6734271591080025,positive,positive
100,0.40216177519046337,0.2678593444836839,0.3299788803258519,negative,negative
101,0.10093675625131511,0.16652725553875763,0.7325359882099268,positive,positive
102,0.20710208236344976,0.31676130509616596,0.47613661254038464,positive,positive
103,0.1703115017592872,0.1336982903089423,0.6959902079317714,positive,positive
104,0.26476498565961837,0.3956361690315989,0.33959884530878226,neutral,positive
105,0.38953640351972585,0.13574044723719358,0.4747231492430809,positive,positive
106,0.2511762300878669,0.29865907534938335,0.4501646945627488,positive,positive
107,0.09829690310951052,0.17046380842969436,0.7312392884607948,positive,positive
108,0.05386009074455673,0.0479505272772974,0.8981893819781458,positive,positive
109,0.12042503015327939,0.2484534896132297,0.6311214802334926,positive,positive
110,0.23154277559028907,0.2910765485560182,0.4773806758536944,positive,negative
111,0.25288376220053227,0.2802129547471162,0.4669032830523515,positive,neutral
112,0.2491851171488853,0.2587846397712298,0.4920302430798849,positive,neutral
113,0.4431902541535449,0.3319354019344668,0.22487434391198763,negative,negative
114,0.104791181088096,0.1559492732763547,0.7392595456355487,positive,neutral
115,0.18349477153641636,0.3379610113954437,0.47854421706813993,positive,neutral
116,0.3867561888156647,0.24134677886549893,0.3718970323188364,negative,negative
117,0.1878297294492101,0.31138788115849425,0.5007823893922957,positive,positive
118,0.26240987641121716,0.27003377499451237,0.46755634859427075,positive,negative
119,0.16347378249871566,0.11029738906097707,0.7262288284403078,positive,positive
120,0.34295695584921965,0.318410721008623,0.33863232314215663,negative,negative
121,0.2422843400151933,0.25672941649990355,0.5009862434849031,positive,neutral
122,0.22362515137234912,0.3706135924978438,0.40576125612980624,positive,neutral
123,0.10977401542015411,0.08753280034804084,0.8026931842318056,positive,positive
124,0.6534595954529677,0.1342107150042498,0.212329689542783,negative,negative
125,0.1880096624656451,0.2547221394110187,0.5572681981233358,positive,positive
126,0.477213493732764,0.28567805760855713,0.2371084486586777,negative,negative
127,0.2537183587794297,0.26210760506331304,0.4841740361572569,positive,neutral
128,0.25288376220053227,0.2802129547471162,0.4669032830523515,positive,neutral
129,0.18552550535521187,0.39411234233397585,0.42036215231081225,positive,positive
130,0.3603279858790619,0.2632799968444287,0.37639201727650895,positive,negative
131,0.386839166280817,0.21240297825971882,0.400757855459465,positive,positive
132,0.27055682243238177,0.41407238770935967,0.3153707898582589,neutral,neutral
133,0.5162783894934828,0.23290832958946403,0.2508132809170531,negative,neutral
134,0.34599306411523445,0.22981674568104035,0.4241901902037244,positive,positive
135,0.4496976418449958,0.15267152558831137,0.39763083256669235,negative,negative
136,0.285286558053285,0.3391425983671615,0.3755708435795532,positive,neutral
137,0.3328883946401615,0.2588693221932692,0.4082422831665694,positive,positive
138,0.316831612531339,0.26697818178803523,0.4161902056806251,positive,positive
139,0.21899760978774055,0.3709340284814029,0.410068361730857,positive,positive
140,0.5168702964395958,0.12848941481116222,0.35464028874924236,negative,negative
141,0.20106248738190383,0.40050804551380453,0.39842946710429183,neutral,neutral
142,0.24110366480001139,0.43965417660428713,0.3192421585956998,neutral,neutral
143,0.26354780828155583,0.4666129120499383,0.2698392796685063,neutral,neutral
144,0.0842006935562343,0.06572176314964882,0.8500775432941169,positive,positive
145,0.4627318026436843,0.29782367126520826,0.23944452609110656,negative,neutral
146,0.3975777256000397,0.40047426981617584,0.2019480045837833,neutral,neutral
147,0.0842006935562343,0.06572176314964882,0.8500775432941169,positive,positive
148,0.29034486668620635,0.37641335405186366,0.33324177926193094,neutral,neutral
149,0.15587469535253948,0.16792040522934362,0.6762048994181166,positive,positive
150,0.19436955852728308,0.21533540627280537,0.5902950351999113,positive,negative
151,0.20106248738190383,0.40050804551380453,0.39842946710429183,neutral,neutral
152,0.12627077892058286,0.1914956173547008,0.682233603724718,positive,negative
153,0.2755151032822694,0.5173464241832231,0.207138472534507,neutral,negative
154,0.2498986503606466,0.46816133643972785,0.2819400131996255,neutral,positive
155,0.336290040933645,0.24767166495227333,0.4160382941140831,positive,neutral
156,0.37225121876880257,0.2412361471479431,0.386512634083255,positive,positive
157,0.2357586764535466,0.2993006805678926,0.46494064297856036,positive,positive
158,0.2525102448880142,0.3680165433608839,0.3794732117511018,positive,neutral
159,0.5922270447384173,0.08989989956513147,0.3178730556964511,negative,positive
160,0.2198741522667776,0.5240014240898099,0.2561244236434115,neutral,neutral
161,0.3703708706771933,0.32508052835492396,0.30454860096788255,negative,negative
162,0.5422661730177011,0.1994295481695081,0.25830427881279006,negative,negative
163,0.25288376220053227,0.2802129547471162,0.4669032830523515,positive,neutral
164,0.03589240322722388,0.06872568015450783,0.8953819166182689,positive,positive
165,0.10941458149527088,0.43671408390680283,0.4538713345979254,positive,neutral
166,0.3033025453615079,0.30847427004215316,0.3882231845963382,positive,neutral
167,0.14870441989794564,0.3940135430481228,0.45728203705393095,positive,neutral
168,0.3597006330613531,0.15247213794740358,0.48782722899124303,positive,negative
169,0.34271442093016524,0.4257639145998434,0.23152166446999106,neutral,positive
170,0.5937671369585801,0.15899200568753685,0.2472408573538828,negative,negative
171,0.24851666248222012,0.2725247700640721,0.47895856745370746,positive,neutral
172,0.20445668857002763,0.5357326534352183,0.25981065799475345,neutral,neutral
173,0.3422748921121745,0.2814931309316125,0.3762319769562146,positive,positive
174,0.1529605182947651,0.23501396073029762,0.6120255209749376,positive,positive
175,0.3408521531197977,0.29331020695076254,0.36583763992943996,positive,neutral
176,0.21961488385419453,0.3886934730165666,0.39169164312923865,positive,neutral
177,0.4968554628849962,0.32291992523944885,0.1802246118755544,negative,negative
178,0.3359822486181538,0.377818621656904,0.2861991297249424,neutral,positive
179,0.33737040830553483,0.3271328381197449,0.33549675357472,negative,positive
180,0.2080229002984484,0.37820598802582994,0.4137711116757216,positive,neutral
181,0.344981615147059,0.1446647469804319,0.5103536378725083,positive,positive
182,0.03521076730614669,0.023678932111465982,0.941110300582387,positive,positive
183,0.49421031987636715,0.14545818062875263,0.3603314994948798,negative,negative
184,0.43172744580449257,0.2265030244348635,0.34176952976064384,negative,neutral
185,0.19641701067060977,0.48884527031642594,0.3147377190129643,neutral,neutral
186,0.17255396963769162,0.3334543511380945,0.4939916792242135,positive,positive
187,0.42366017339118306,0.1827169062464154,0.39362292036240065,negative,negative
188,0.3923976023561378,0.3235974169376768,0.2840049807061851,negative,positive
189,0.5774504050178023,0.21831733679251955,0.20423225818967822,negative,negative
190,0.19160400967883018,0.430988359530222,0.37740763079094775,neutral,neutral
191,0.043686564554391766,0.04846086819561166,0.907852567249997,positive,positive
192,0.45118598962735834,0.25999498964047646,0.2888190207321651,negative,negative
193,0.2442058567526468,0.3247531878055994,0.4310409554417538,positive,negative
194,0.219960100134885,0.32513260776862757,0.4549072920964867,positive,negative
195,0.33557225401254215,0.3583705475197574,0.30605719846769974,neutral,negative
196,0.26544128905316694,0.3147010342742783,0.4198576766725538,positive,negative
197,0.20737576822160164,0.36577844558076245,0.42684578619763486,positive,positive
198,0.2298118098573615,0.31898386695786135,0.4512043231847775,positive,neutral
199,0.06749952592595952,0.06852976985529691,0.8639707042187438,positive,positive
200,0.2398270365437002,0.29578578124666166,0.4643871822096379,positive,negative
201,0.3451184959564159,0.2889988961795494,0.3658826078640347,positive,negative
202,0.1052139661793036,0.19763759981702322,0.6971484340036739,positive,positive
203,0.39898739066726063,0.1455600658664559,0.45545254346628383,positive,positive
204,0.4457242831075578,0.3271061930983941,0.22716952379404887,negative,negative
205,0.24174460827311503,0.2810020465895957,0.47725334513728956,positive,positive
206,0.1735467713577773,0.26211806734645327,0.5643351612957689,positive,positive
207,0.49302673887942955,0.30797624965893194,0.19899701146163942,negative,positive
208,0.22766849527380525,0.3325094125541039,0.43982209217209134,positive,positive
209,0.19864961249864832,0.1871732416368299,0.6141771458645227,positive,neutral
210,0.0549666345797162,0.05931383221321201,0.8857195332070715,positive,positive
211,0.46492674984254095,0.18260253166358806,0.35247071849387185,negative,positive
212,0.27957594138549996,0.41157440414615,0.30884965446835055,neutral,positive
213,0.18839503783512357,0.5954699315049046,0.21613503065997028,neutral,negative
214,0.28112715661179083,0.41080421657070726,0.30806862681750247,neutral,neutral
215,0.15269262322578267,0.11181994083797309,0.7354874359362449,positive,positive
216,0.3193963269660037,0.3776502984159475,0.30295337461804883,neutral,neutral
217,0.04334018719356505,0.1157858720814359,0.8408739407249987,positive,positive
218,0.5254499455661596,0.2013144883421302,0.2732355660917103,negative,positive
219,0.43978344753829507,0.1617851620691695,0.39843139039253617,negative,negative
220,0.35251527524650167,0.3844649001221864,0.2630198246313115,neutral,neutral
221,0.16745551067414188,0.11636291469249882,0.71618157463336,positive,positive
222,0.2609078675867395,0.41690965735476754,0.32218247505849457,neutral,negative
223,0.18228929396501947,0.3604101727389927,0.4573005332959886,positive,neutral
224,0.357184951641225,0.31633811576087884,0.3264769325978969,negative,neutral
225,0.17950773387182298,0.2303635630167884,0.5901287031113889,positive,positive
226,0.21778551006016444,0.3715842711634258,0.41063021877641037,positive,neutral
227,0.21135458773795668,0.3421331899928134,0.44651222226923015,positive,negative
228,0.19087649947683988,0.37421097313335266,0.4349125273898067,positive,positive
229,0.1374314396870273,0.18317809409383448,0.6793904662191382,positive,neutral
230,0.26208695163246293,0.3778239124833088,0.3600891358842288,neutral,neutral
231,0.2266115093327079,0.25434121143078126,0.5190472792365102,positive,neutral
232,0.16318909249279653,0.246523149339102,0.5902877581681019,positive,positive
233,0.23391969451556632,0.36613135681338804,0.39994894867104613,positive,negative
234,0.15997318882879577,0.3048923900694289,0.535134421101775,positive,positive
235,0.29424687789853987,0.2394075641544958,0.4663455579469651,positive,positive
236,0.3160294578699237,0.3094078727438337,0.3745626693862419,positive,neutral
237,0.23762337222178914,0.2477307963444084,0.5146458314338024,positive,neutral
238,0.5968912030432343,0.21091508181072186,0.19219371514604333,negative,negative
239,0.14422123191862532,0.5381784622959196,0.31760030578545356,neutral,positive
240,0.1461090726906483,0.12536133976926964,0.728529587540081,positive,positive
241,0.3448496925057082,0.25185351034249565,0.4032967971517963,positive,positive
242,0.17806187773827306,0.3761422732526082,0.4457958490091187,positive,neutral
243,0.06927981462079133,0.05853901344934899,0.8721811719298601,positive,positive
244,0.20704103201379973,0.38025947486878237,0.4126994931174167,positive,neutral
245,0.3042937262638108,0.305450119318015,0.3902561544181751,positive,neutral
246,0.3088284648163694,0.324085416930146,0.3670861182534838,positive,negative
247,0.407033892939236,0.24140105763216818,0.3515650494285967,negative,positive
248,0.19219494775948312,0.36745445980108393,0.44035059243943353,positive,neutral
249,0.13974264373038242,0.2429847365394621,0.6172726197301549,positive,positive
250,0.025122051113490952,0.039743863770792275,0.9351340851157176,positive,positive
251,0.0979229062672366,0.2784471835328826,0.6236299101998813,positive,neutral
252,0.17721653180550836,0.1798763186170512,0.6429071495774407,positive,positive
253,0.22394119137071722,0.19551353355717124,0.5805452750721112,positive,negative
254,0.045729664081050135,0.06397437036876973,0.89029596555018,positive,positive
255,0.24890932980090763,0.3100682676208662,0.44102240257822656,positive,positive
256,0.26048214685592547,0.1818764246430425,0.5576414285010327,positive,positive
257,0.4419870852202985,0.31831164193951406,0.23970127284018813,negative,neutral
258,0.04449365174638872,0.10316830558583392,0.8523380426677769,positive,positive
259,0.09596912115542802,0.08657845841912995,0.8174524204254433,positive,positive
260,0.34995331395317364,0.3712729556638024,0.27877373038302405,neutral,negative
261,0.08311537268265608,0.15129259720100074,0.765592030116343,positive,neutral
262,0.08138187611398129,0.11011309119759678,0.8085050326884226,positive,positive
263,0.2624189303794603,0.3486443313799041,0.3889367382406359,positive,neutral
264,0.24700047963120117,0.3513066814601734,0.4016928389086254,positive,positive
265,0.048983247443384996,0.026689539999733045,0.9243272125568819,positive,positive
266,0.30859366630954943,0.34328323307552794,0.34812310061492147,positive,negative
267,0.25579139562748326,0.1781355833492308,0.5660730210232862,positive,positive
268,0.2985553811276905,0.18607898800727124,0.5153656308650376,positive,neutral
269,0.14716814282047694,0.21559409077616778,0.6372377664033541,positive,positive
270,0.27178588516675906,0.36199110772417153,0.3662230071090701,positive,negative
271,0.30951713905532935,0.2958426895711202,0.3946401713735509,positive,negative
272,0.10050217708801713,0.06195754844780887,0.8375402744641739,positive,positive
273,0.18677151211138207,0.47396898170414414,0.33925950618447376,neutral,neutral
274,0.1019183192573839,0.272259386737694,0.6258222940049215,positive,positive
275,0.14950289831922625,0.4377753453470952,0.412721756333677,neutral,positive
276,0.20588780849978106,0.3810799585862576,0.41303223291396224,positive,positive
277,0.16537552333940037,0.28968932728486796,0.5449351493757324,positive,neutral
278,0.16522035935464643,0.3808336657871582,0.4539459748581957,positive,neutral
279,0.5283062860624352,0.215029042842298,0.2566646710952666,negative,negative
280,0.1445271224875953,0.18181701366561914,0.6736558638467857,positive,positive
281,0.1688054297293092,0.38542009508427616,0.44577447518641394,positive,neutral
282,0.3445627188598859,0.40858178330845485,0.24685549783165964,neutral,neutral
283,0.22922981174354554,0.33258167635397695,0.43818851190247804,positive,neutral
284,0.15341115172569447,0.043419256032245966,0.8031695922420593,positive,positive
285,0.1238141233159818,0.5301723255612254,0.3460135511227928,neutral,neutral
286,0.20639641165675976,0.18946032647707658,0.604143261866164,positive,positive
287,0.25288376220053227,0.2802129547471162,0.4669032830523515,positive,neutral
288,0.19139698709418443,0.43131941559468645,0.3772835973111284,neutral,negative
289,0.20764272335976292,0.2900564200899785,0.5023008565502579,positive,positive
290,0.021274544560820816,0.028345586457400214,0.9503798689817787,positive,positive
291,0.20532818968231847,0.27680674809216915,0.5178650622255123,positive,negative
292,0.06494477841253021,0.08070572496973047,0.8543494966177403,positive,positive
293,0.25288376220053227,0.2802129547471162,0.4669032830523515,positive,positive
294,0.17564382672083093,0.3204267768053502,0.5039293964738193,positive,positive
295,0.20845356614656174,0.29487032155113,0.4966761123023092,positive,neutral
296,0.18303083041626436,0.2993004598828599,0.517668709700876,positive,neutral
297,0.18532617575360025,0.342844133202708,0.4718296910436918,positive,negative
298,0.25288376220053227,0.2802129547471162,0.4669032830523515,positive,negative
299,0.18037728183576093,0.34797799830059417,0.4716447198636446,positive,positive
300,0.013687293117169206,0.014768673674780379,0.971544033208051,positive,positive
301,0.043895084773796986,0.05937771651431653,0.8967271987118867,positive,positive
302,0.06701212223723779,0.04680489981065483,0.8861829779521077,positive,positive
303,0.1713654651338623,0.392414586284992,0.4362199485811457,positive,neutral
304,0.2157527579979594,0.43959705595825566,0.3446501860437844,neutral,positive
305,0.25288376220053227,0.2802129547471162,0.4669032830523515,positive,negative
306,0.4089705401360497,0.20578099925620424,0.38524846060774615,negative,positive
307,0.31402414965281966,0.21157689511195626,0.4743989552352234,positive,positive
308,0.35227860552797136,0.4110752062786747,0.236646188193353,neutral,neutral
309,0.2025207712967062,0.3970153126546095,0.40046391604868364,positive,neutral
310,0.11267816380904688,0.1568418011003764,0.7304800350905777,positive,positive
311,0.26846788518086706,0.30427840307525106,0.4272537117438814,positive,neutral
312,0.11536620337158157,0.08868954153400291,0.7959442550944152,positive,positive
313,0.0740508042100849,0.23460291797340696,0.6913462778165096,positive,positive
314,0.2823261056242791,0.3756272771192872,0.342046617256434,neutral,negative
315,0.10154981682252212,0.127102751005464,0.7713474321720133,positive,positive
316,0.14486621887406534,0.3598991308468215,0.4952346502791114,positive,negative
317,0.33807435847615924,0.2489423153659125,0.4129833261579275,positive,negative
318,0.27335747523381587,0.31789689198184934,0.4087456327843346,positive,positive
319,0.3681534862601377,0.22932194342640677,0.4025245703134546,positive,negative
320,0.46539454724222173,0.24316651968397582,0.2914389330738026,negative,negative
321,0.1740817877237872,0.23044709665188598,0.5954711156243258,positive,positive
322,0.14191288094635546,0.19223741091227997,0.6658497081413645,positive,positive
323,0.11639132059333814,0.39506454105416056,0.488544138352501,positive,positive
324,0.2491058725704835,0.44635619484423267,0.3045379325852845,neutral,positive
325,0.2229924517632008,0.37217432790975796,0.40483322032704055,positive,negative
326,0.16625886006450707,0.19022745021123907,0.6435136897242547,positive,positive
327,0.03499802781505403,0.036794363993417525,0.9282076081915279,positive,positive
328,0.24545667556986522,0.30594701568725474,0.44859630874287965,positive,neutral
329,0.20424338102954911,0.33819992655824854,0.4575566924122021,positive,neutral
330,0.1817281165725386,0.33907261723603593,0.4791992661914252,positive,positive
331,0.16883310994390444,0.4298884633946875,0.4012784266614075,neutral,neutral
332,0.16629595048322515,0.3623383477138237,0.4713657018029504,positive,neutral
333,0.2846989684828833,0.3096457466948922,0.40565528482222324,positive,positive
334,0.22216554679720496,0.30859773305727123,0.469236720145524,positive,positive
335,0.1689726895433413,0.15844814280751965,0.672579167649139,positive,positive
336,0.037145903862186254,0.029442963146542902,0.9334111329912714,positive,positive
337,0.25288376220053227,0.2802129547471162,0.4669032830523515,positive,negative
338,0.29307831317273014,0.3598265477249518,0.347095139102318,neutral,positive
339,0.12646009829464255,0.03635908003336473,0.8371808216719929,positive,negative
340,0.07143022236653722,0.084004370532286,0.8445654071011762,positive,positive
341,0.05160298146084129,0.061454086048680474,0.8869429324904781,positive,positive
342,0.3459594910714414,0.3682301890876627,0.2858103198408957,neutral,negative
343,0.3299928054134136,0.29354693146767763,0.37646026311890823,positive,positive
344,0.11013291452635744,0.18881989972055283,0.7010471857530911,positive,positive
345,0.4827643945117024,0.3345918794060009,0.1826437260822969,negative,positive
346,0.3521375540054768,0.38053449504674935,0.2673279509477743,neutral,negative
347,0.11941213147372987,0.26540305040943657,0.6151848181168328,positive,positive
348,0.4855064237395349,0.2551196245824113,0.2593739516780526,negative,negative
349,0.04022453020026781,0.025388051179536963,0.9343874186201949,positive,positive
350,0.12294567976622658,0.2002511476467034,0.6768031725870708,positive,positive
351,0.15112883440139954,0.11506728206882169,0.7338038835297781,positive,positive
352,0.5965897603138414,0.23808011933388049,0.16533012035227793,negative,negative
353,0.22769711149987662,0.32085241520598445,0.4514504732941397,positive,negative
354,0.22952919946661532,0.32674785735180756,0.44372294318157746,positive,neutral
355,0.05406219977540645,0.13122630995693396,0.8147114902676604,positive,positive
356,0.23576455567796492,0.15438428357194842,0.609851160750088,positive,positive
357,0.22883206163018893,0.3074658258621619,0.46370211250764926,positive,positive
358,0.16132669319224213,0.35673152935013736,0.4819417774576207,positive,neutral
359,0.25658716542408005,0.3530077658348019,0.39040506874111824,positive,negative
360,0.18594521755011115,0.2533347831449987,0.5607199993048897,positive,neutral
361,0.011876024000232476,0.012524661842444247,0.9755993141573235,positive,positive
362,0.3052714501609223,0.39599852953846437,0.2987300203006133,neutral,positive
363,0.1910044899039779,0.4390675924692517,0.3699279176267709,neutral,neutral
364,0.07002804132919135,0.17679658976830262,0.7531753689025068,positive,positive
365,0.2313276760978782,0.3903478763436594,0.37832444755846206,neutral,positive
366,0.33265802714440484,0.3597341630561836,0.3076078097994121,neutral,neutral
367,0.08160788358081415,0.20232163344348486,0.7160704829757005,positive,positive
368,0.22461351381360062,0.4253655909464989,0.35002089523989965,neutral,negative
369,0.17022972629804548,0.4715668499988469,0.3582034237031085,neutral,positive
370,0.052253524505493,0.03274938126565968,0.9149970942288481,positive,positive
371,0.2590435988898369,0.15544124247015884,0.585515158640004,positive,positive
372,0.19079993372302637,0.2574241263751713,0.5517759399018015,positive,negative
373,0.22806889106334796,0.3087502618724879,0.4631808470641631,positive,negative
374,0.22722997043214782,0.28563473534103384,0.4871352942268192,positive,negative
375,0.26216923178954954,0.3365262991694468,0.4013044690410028,positive,positive
376,0.2926466370250023,0.296867220023145,0.41048614295185204,positive,positive
377,0.34356356691603246,0.2619358654199884,0.3945005676639794,positive,negative
378,0.14738320851705944,0.3853101467736481,0.4673066447092924,positive,neutral
379,0.6632235660411322,0.10821138058367089,0.22856505337519673,negative,negative
380,0.20346600772901233,0.41469199780938876,0.38184199446159917,neutral,neutral
381,0.0713715264710834,0.08454018024391595,0.8440882932850002,positive,positive
382,0.2570854046028781,0.3371892496514359,0.40572534574568514,positive,neutral
383,0.2893163982597718,0.20376300671878142,0.5069205950214477,positive,neutral
384,0.4159666492510229,0.2957418974732772,0.2882914532757004,negative,neutral
385,0.25288376220053227,0.2802129547471162,0.4669032830523515,positive,neutral
386,0.3054572838679003,0.2413250850866971,0.4532176310454026,positive,neutral
387,0.29105930662242574,0.27601071550677153,0.43292997787080256,positive,neutral
388,0.4747203355564076,0.2506438707470527,0.27463579369653923,negative,negative
389,0.4860553578684125,0.24528900605528836,0.26865563607629833,negative,negative
390,0.40375619238283594,0.2347746639192542,0.36146914369791033,negative,positive
391,0.3130011661745503,0.31196979270657527,0.3750290411188746,positive,positive
392,0.179649388795561,0.4071771368218752,0.4131734743825645,positive,neutral
393,0.14254696845392806,0.25153180679601655,0.6059212247500565,positive,positive
394,0.46938667471794293,0.12980152691275337,0.4008117983693041,negative,neutral
395,0.3073888056183874,0.33168975667023837,0.36092143771137397,positive,negative
396,0.2579187197780478,0.42965655767386995,0.3124247225480828,neutral,neutral
397,0.007303221220574783,0.00846133841245249,0.9842354403669731,positive,positive
398,0.2690942307984068,0.5798922688427712,0.15101350035882222,neutral,negative
399,0.12754625611485326,0.18674854221598736,0.6857052016691608,positive,positive
400,0.14858833549570957,0.23729223898857166,0.6141194255157187,positive,positive
401,0.23652730308074088,0.3789693847287616,0.38450331219049677,positive,positive
402,0.083005380041144,0.09349306321193986,0.8235015567469155,positive,positive
403,0.17157369778416354,0.35171926880084514,0.4767070334149913,positive,neutral
404,0.16383718264097474,0.09917127630098277,0.7369915410580432,positive,negative
405,0.24130099319865247,0.38470851462744554,0.37399049217390123,neutral,positive
406,0.08561871506383517,0.10956660924730702,0.8048146756888575,positive,negative
407,0.23611382126612318,0.2738251450657165,0.4900610336681602,positive,positive
408,0.41077979549095456,0.1619283718631506,0.42729183264589427,positive,negative
409,0.32372365974543993,0.38317768875340663,0.29309865150115344,neutral,neutral
410,0.24960968959405672,0.20885985426437031,0.5415304561415734,positive,positive
411,0.16203758549982641,0.3252428875938095,0.5127195269063636,positive,positive
412,0.14944791938473634,0.3836986806414765,0.46685339997378766,positive,positive
413,0.25288376220053227,0.2802129547471162,0.4669032830523515,positive,positive
414,0.18596824453749183,0.3128716084051733,0.5011601470573349,positive,negative
415,0.11957794326733864,0.23421131488836094,0.6462107418443008,positive,positive
416,0.23330915534885383,0.18895640220632307,0.5777344424448236,positive,positive
417,0.19183601145690918,0.3399727429861919,0.4681912455568992,positive,neutral
418,0.20377028550077728,0.2677346759522153,0.5284950385470082,positive,positive
419,0.28617757102402386,0.23062415972074263,0.4831982692552327,positive,positive
420,0.2614167635634582,0.36164249157880296,0.37694074485773876,positive,positive
421,0.17772644163533666,0.33758716710176606,0.48468639126289653,positive,positive
422,0.26557536662736825,0.3101455074187305,0.4242791259539012,positive,negative
423,0.20602767017789117,0.3144241311784133,0.47954819864369547,positive,neutral
424,0.202316771847669,0.43715521676711006,0.3605280113852213,neutral,neutral
425,0.011900191887061944,0.007880181516030127,0.9802196265969073,positive,positive
426,0.24268813445932172,0.33913932576980016,0.41817253977087754,positive,neutral
427,0.24904489168335375,0.33085559326133807,0.42009951505530896,positive,positive
428,0.31487267106010486,0.2961597971500001,0.388967531789895,positive,negative
429,0.25288376220053227,0.2802129547471162,0.4669032830523515,positive,negative
430,0.1130668730726242,0.3192543453590673,0.5676787815683082,positive,positive
431,0.15373186637165595,0.1649414167609597,0.6813267168673843,positive,positive
432,0.2822698387566156,0.2781858918462964,0.43954426939708824,positive,neutral
433,0.21438599428038552,0.36435514534091257,0.42125886037870164,positive,positive
434,0.0692076240804827,0.048975637990693086,0.8818167379288225,positive,positive
435,0.31116917684693646,0.3628309644477574,0.3259998587053066,neutral,negative
436,0.23194293328794616,0.33095199900897093,0.4371050677030822,positive,positive
437,0.2153562687030101,0.37718743094707297,0.4074563003499175,positive,positive
438,0.07978272126184513,0.13358791192221964,0.7866293668159355,positive,positive
439,0.25288376220053227,0.2802129547471162,0.4669032830523515,positive,neutral
440,0.2099386125179141,0.36958101848978026,0.4204803689923051,positive,neutral
441,0.17890623191129354,0.38474252560597233,0.4363512424827345,positive,positive
442,0.2918875827689333,0.3310061606704773,0.3771062565605901,positive,positive
443,0.6926089439619956,0.13213596446968381,0.17525509156831973,negative,negative
444,0.21385993332566483,0.21001301169090308,0.5761270549834316,positive,positive
445,0.1735726347464153,0.22697476146559487,0.5994526037879898,positive,positive
446,0.25288376220053227,0.2802129547471162,0.4669032830523515,positive,negative
447,0.13519616491757772,0.18063836016974186,0.6841654749126794,positive,negative
448,0.1740472754840155,0.3034808540724276,0.5224718704435574,positive,positive
449,0.4231027080153474,0.3560605834425888,0.22083670854206364,negative,positive
450,0.11259699897866396,0.21569770442498148,0.6717052965963539,positive,positive
451,0.28184628558933184,0.38260552284667837,0.33554819156398924,neutral,positive
452,0.1396734061310773,0.41053053950256885,0.4497960543663526,positive,positive
453,0.27813613296129924,0.24552893319641936,0.4763349338422808,positive,negative
454,0.2913750394215681,0.3675549318949897,0.3410700286834421,neutral,neutral
455,0.302409446982701,0.3972803194332795,0.30031023358402,neutral,neutral
456,0.3264333313952627,0.2510974957590819,0.4224691728456566,positive,positive
457,0.06986057859945477,0.05382079985165782,0.8763186215488872,positive,positive
458,0.3814785437560116,0.164898687338283,0.4536227689057047,positive,neutral
459,0.18771664817021913,0.2664661324872337,0.5458172193425472,positive,negative
460,0.30377014591124174,0.42499403848462886,0.2712358156041296,neutral,negative
461,0.3150718511766132,0.3945109260499075,0.2904172227734794,neutral,positive
462,0.228929821000032,0.28048159756896357,0.4905885814310046,positive,positive
463,0.13056666837654474,0.08309069531594254,0.7863426363075136,positive,positive
464,0.18688876018466882,0.1589126122041875,0.6541986276111436,positive,neutral
465,0.26404341715194674,0.2660713940966386,0.4698851887514142,positive,neutral
466,0.07205708917832741,0.1304662116493114,0.7974766991723625,positive,positive
467,0.2568305642741002,0.28000046549352375,0.4631689702323764,positive,negative
468,0.10896657474713053,0.13066030131304887,0.7603731239398213,positive,positive
469,0.15478354619535123,0.4010569504895492,0.4441595033151001,positive,neutral
470,0.24409552059502246,0.33425099367080113,0.42165348573417644,positive,neutral
471,0.24381011480824408,0.41898541618567137,0.33720446900608364,neutral,negative
472,0.29728995734288327,0.360642052817179,0.3420679898399371,neutral,neutral
473,0.4433712072243121,0.15001642198829124,0.40661237078739676,negative,negative
474,0.23402218673346256,0.4663836141456067,0.29959419912093027,neutral,positive
475,0.3428422652646972,0.33206701957579954,0.3250907151595022,negative,neutral
476,0.14925432824238,0.20138002896414534,0.6493656427934741,positive,positive
477,0.6329614512455861,0.12641929387283785,0.24061925488157584,negative,negative
478,0.1676155267534947,0.34376854077215535,0.4886159324743503,positive,negative
479,0.26251097188874767,0.37675544342763456,0.36073358468361855,neutral,positive
480,0.4832750357173895,0.2099728332457481,0.3067521310368617,negative,negative
481,0.06474104043224566,0.10286379796919894,0.8323951615985561,positive,positive
482,0.0932724557662707,0.045949739364816805,0.8607778048689124,positive,positive
483,0.14945665746509756,0.3214385022789534,0.5291048402559495,positive,neutral
484,0.26219442157027134,0.3535424298610044,0.38426314856872357,positive,positive
485,0.06971712111932413,0.19279953963478175,0.737483339245894,positive,positive
486,0.24050009131937336,0.34841113592668216,0.41108877275394407,positive,positive
487,0.039238428488874974,0.012571931572178972,0.9481896399389463,positive,positive
488,0.09347707964672933,0.3092286114473826,0.597294308905888,positive,positive
489,0.31631549064363945,0.1713743736556137,0.5123101357007469,positive,negative
490,0.16052236248243507,0.3490345951002876,0.490443042417278,positive,neutral
491,0.2999345302997066,0.3671320793007569,0.33293339039953723,neutral,negative
492,0.3343673889991354,0.4115828497835307,0.25404976121733236,neutral,neutral
493,0.2467761230928808,0.2774345838052209,0.47578929310189894,positive,neutral
494,0.25385178737182296,0.42160243532267794,0.324545777305499,neutral,positive
495,0.39354301880464837,0.4065345597389685,0.1999224214563812,neutral,neutral
496,0.27677922385346376,0.2218563431993547,0.5013644329471815,positive,positive
497,0.10890771766654711,0.21534121399380005,0.6757510683396526,positive,positive
498,0.20108696102562,0.18077531249060538,0.6181377264837754,positive,positive
499,0.29278228425150654,0.26896636121889334,0.4382513545296009,positive,positive
500,0.14876705069510496,0.08480173969652977,0.7664312096083659,positive,positive
