,negative_prob,neutral_prob,positive_prob,predicted,true
0,0.33237877429083373,0.3608412297642478,0.30677999594491867,neutral,positive
1,0.31683270189459384,0.3488247715282737,0.3343425265771327,neutral,positive
2,0.3357918793840739,0.3551333016503323,0.3090748189655939,neutral,negative
3,0.2964656618286776,0.3278835473317242,0.3756507908395981,positive,positive
4,0.32937883429198933,0.36635675139174245,0.30426441431626833,neutral,neutral
5,0.33312044647923583,0.3535041007083755,0.3133754528123889,neutral,negative
6,0.2628826315105644,0.2618647813619548,0.4752525871274811,positive,positive
7,0.33483410347840253,0.35741856901685387,0.3077473275047438,neutral,neutral
8,0.34831049762391625,0.3453808940647177,0.3063086083113661,negative,positive
9,0.3368413741853251,0.355897984126981,0.307260641687694,neutral,positive
10,0.3167701831923069,0.3882215889084445,0.29500822789924924,neutral,neutral
11,0.2504351473189121,0.27947060303385124,0.4700942496472366,positive,positive
12,0.3351803323216973,0.35665580321689044,0.30816386446141236,neutral,positive
13,0.34789023558839755,0.3486989361910696,0.3034108282205331,neutral,negative
14,0.5253527943626333,0.23705137934756526,0.237595826289801,negative,negative
15,0.3366389158103233,0.3559767015190353,0.3073843826706415,neutral,neutral
16,0.3359517606773571,0.3562652951470957,0.3077829441755473,neutral,negative
17,0.3351803323216973,0.35665580321689044,0.30816386446141236,neutral,neutral
18,0.3293017200323323,0.3495107943278616,0.3211874856398065,neutral,neutral
19,0.3351803323216973,0.35665580321689044,0.30816386446141236,neutral,negative
20,0.33379122958199525,0.3562439443624732,0.30996482605553166,neutral,positive
21,0.3351803323216973,0.35665580321689044,0.30816386446141236,neutral,neutral
22,0.3498808881353422,0.3298472714260705,0.3202718404385872,negative,negative
23,0.3113853521167236,0.3901073057674354,0.2985073421158416,neutral,neutral
24,0.24986137393914615,0.2604387340784736,0.4896998919823803,positive,negative
25,0.3351803323216973,0.35665580321689044,0.30816386446141236,neutral,positive
26,0.3405400331168333,0.35544674163127743,0.3040132252518897,neutral,neutral
27,0.482330220825076,0.27453144098854887,0.2431383381863755,negative,negative
28,0.3831524005035492,0.22524669566483962,0.3916009038316116,positive,negative
29,0.3351803323216973,0.35665580321689044,0.30816386446141236,neutral,negative
30,0.33461907976954414,0.35795041152356044,0.3074305087068956,neutral,neutral
31,0.2317800990376847,0.1817979437057202,0.586421957256595,positive,positive
32,0.18580179912400202,0.36083387696234165,0.45336432391365594,positive,neutral
33,0.3351803323216973,0.35665580321689044,0.30816386446141236,neutral,negative
34,0.3351803323216973,0.35665580321689044,0.30816386446141236,neutral,neutral
35,0.5213777013726384,0.24827167460642102,0.23035062402094045,negative,negative
36,0.33284422685666487,0.35705318633313615,0.31010258681019937,neutral,neutral
37,0.43625121940904216,0.27905544355390144,0.2846933370370564,negative,positive
38,0.23761647794701105,0.2520117266542741,0.5103717953987147,positive,neutral
39,0.3351803323216973,0.35665580321689044,0.30816386446141236,neutral,neutral
40,0.3546195103962105,0.3454557332828924,0.2999247563208974,negative,neutral
41,0.33466668433807606,0.35736482453039037,0.30796849113153385,neutral,neutral
42,0.3520841024261445,0.3466357621924203,0.3012801353814355,negative,positive
43,0.3351803323216973,0.35665580321689044,0.30816386446141236,neutral,neutral
44,0.223024557194712,0.28980127500426794,0.4871741678010203,positive,neutral
45,0.33857957558838847,0.35143986954188494,0.3099805548697265,neutral,positive
46,0.3351803323216973,0.35665580321689044,0.30816386446141236,neutral,neutral
47,0.264440974367181,0.26519616087986425,0.4703628647529549,positive,positive
48,0.3364945027830429,0.35591695703353576,0.3075885401834215,neutral,neutral
49,0.3283280957025328,0.3545730110440744,0.317098893253393,neutral,positive
50,0.3485399268873341,0.3481060478111687,0.30335402530149735,negative,positive
51,0.3351803323216973,0.35665580321689044,0.30816386446141236,neutral,positive
52,0.33840805590954476,0.35370402352360775,0.30788792056684766,neutral,negative
53,0.3351803323216973,0.35665580321689044,0.30816386446141236,neutral,neutral
54,0.3464035851370337,0.3303764770892618,0.3232199377737043,negative,negative
55,0.34185402392615305,0.3552805120449061,0.30286546402894127,neutral,negative
56,0.40070361841988655,0.3068707310132589,0.29242565056685443,negative,positive
57,0.3351803323216973,0.35665580321689044,0.30816386446141236,neutral,negative
58,0.26216571553392504,0.46201828761699726,0.2758159968490775,neutral,neutral
59,0.23585982008782136,0.25172624465882154,0.5124139352533571,positive,neutral
60,0.3309339752435462,0.35517822974302604,0.31388779501342784,neutral,neutral
61,0.2764761947342281,0.44338543736639413,0.28013836789937796,neutral,neutral
62,0.26515909896728135,0.4630088829800668,0.2718320180526516,neutral,neutral
63,0.21469011629475687,0.23483051470594712,0.550479368999296,positive,positive
64,0.3139293530576664,0.3823927469815076,0.30367789996082656,neutral,neutral
65,0.5136314808618718,0.2781069732556776,0.20826154588245085,negative,neutral
66,0.3345502379124273,0.35592862956669236,0.30952113252088054,neutral,negative
67,0.27436120145724435,0.4470154758925828,0.2786233226501733,neutral,neutral
68,0.33487948239882404,0.35710455055176926,0.30801596704940676,neutral,positive
69,0.21513471466182502,0.23394741322898713,0.5509178721091876,positive,positive
70,0.3351803323216973,0.35665580321689044,0.30816386446141236,neutral,neutral
71,0.33051679669209,0.35336943071274385,0.3161137725951663,neutral,negative
72,0.3341347632671246,0.3747002509869393,0.291164985745937,neutral,negative
73,0.3351803323216973,0.35665580321689044,0.30816386446141236,neutral,neutral
74,0.332673663425702,0.3609034225893055,0.3064229139849927,neutral,neutral
75,0.3351803323216973,0.35665580321689044,0.30816386446141236,neutral,neutral
76,0.3635286127707034,0.340402087233456,0.296069299995841,negative,positive
77,0.33547319493846206,0.35641087421998235,0.3081159308415556,neutral,negative
78,0.34073477429437615,0.35525662873478636,0.3040085969708378,neutral,neutral
79,0.33627370384899885,0.3557741177200083,0.307952178430993,neutral,neutral
80,0.33500516504310474,0.3571340291769706,0.3078608057799248,neutral,neutral
81,0.23556573174431367,0.28251711602184965,0.4819171522338369,positive,positive
82,0.33507125254595643,0.35684286865596676,0.3080858787980769,neutral,positive
83,0.2695128667656252,0.25869261688931755,0.4717945163450572,positive,positive
84,0.30998324212918854,0.31581802783793766,0.3741987300328741,positive,positive
85,0.3351803323216973,0.35665580321689044,0.30816386446141236,neutral,neutral
86,0.23098597368225957,0.250202806526941,0.5188112197907992,positive,positive
87,0.30928881078231873,0.3300396756676956,0.3606715135499856,positive,positive
88,0.3358443841641119,0.35566768503631646,0.3084879307995717,neutral,neutral
89,0.35238789999267645,0.35233653177536645,0.29527556823195744,negative,negative
90,0.29520325726774554,0.38179796650625586,0.3229987762259983,neutral,negative
91,0.21382242053957146,0.20606409944347498,0.5801134800169531,positive,positive
92,0.21407936994730692,0.2375994064519091,0.548321223600784,positive,positive
93,0.33408238995574946,0.3550466871092169,0.3108709229350336,neutral,neutral
94,0.3224815632800892,0.36752169375879157,0.3099967429611193,neutral,neutral
95,0.3828256107957273,0.32731733564530346,0.28985705355896935,negative,positive
96,0.3351803323216973,0.35665580321689044,0.30816386446141236,neutral,positive
97,0.3833109403228844,0.3445319458522027,0.2721571138249131,negative,negative
98,0.33419154006953067,0.358043282590039,0.3077651773404306,neutral,neutral
99,0.33487835892675377,0.3571210866533807,0.30800055441986585,neutral,neutral
100,0.3351803323216973,0.35665580321689044,0.30816386446141236,neutral,neutral
101,0.4998500154502837,0.2667595688541303,0.23339041569558625,negative,negative
102,0.5157255278775048,0.24996201755332062,0.23431245456917432,negative,negative
103,0.3205944156330146,0.38054691774024213,0.29885866662674415,neutral,positive
104,0.3351803323216973,0.35665580321689044,0.30816386446141236,neutral,positive
105,0.33585513879673773,0.3555753240644574,0.3085695371388051,neutral,negative
106,0.27259288529578973,0.30446570634863696,0.4229414083555735,positive,positive
107,0.2961533765810795,0.3838121527493411,0.32003447066957924,neutral,neutral
108,0.44776683042916654,0.2958078085478523,0.2564253610229811,negative,positive
109,0.3351803323216973,0.35665580321689044,0.30816386446141236,neutral,neutral
110,0.3000191520684301,0.38052150690156966,0.31945934103,neutral,positive
111,0.3351803323216973,0.35665580321689044,0.30816386446141236,neutral,positive
112,0.3351803323216973,0.35665580321689044,0.30816386446141236,neutral,negative
113,0.20144277229087276,0.3375845423470818,0.46097268536204544,positive,neutral
114,0.3351803323216973,0.35665580321689044,0.30816386446141236,neutral,neutral
115,0.3351803323216973,0.35665580321689044,0.30816386446141236,neutral,neutral
116,0.313801319737774,0.3892701372221428,0.2969285430400839,neutral,negative
117,0.2790759072065158,0.18864412729987617,0.5322799654936075,positive,positive
118,0.3351803323216973,0.35665580321689044,0.30816386446141236,neutral,positive
119,0.3475057412555541,0.33042431857056503,0.32206994017388063,negative,neutral
120,0.3351803323216973,0.35665580321689044,0.30816386446141236,neutral,neutral
121,0.2764843632708622,0.44229350107112736,0.2812221356580106,neutral,neutral
122,0.32879872053875503,0.3453472699519183,0.3258540095093268,neutral,negative
123,0.3343056532157159,0.35632293578253416,0.30937141100175,neutral,neutral
124,0.253972681160768,0.279607768750398,0.4664195500888342,positive,positive
125,0.4694147732184573,0.2913321732524152,0.2392530535291279,negative,neutral
126,0.33573944166751063,0.3566038796851815,0.307656678647308,neutral,neutral
127,0.2966729039177371,0.3412923976553832,0.3620346984268792,positive,positive
128,0.3351803323216973,0.35665580321689044,0.30816386446141236,neutral,positive
129,0.42308437772657864,0.3065804082857025,0.27033521398771926,negative,negative
130,0.2531197107340575,0.26089253342065527,0.48598775584528725,positive,positive
131,0.41613569815199325,0.30775192657929934,0.27611237526870763,negative,negative
132,0.3217454140760926,0.36905947262674754,0.30919511329715976,neutral,negative
133,0.231582534590375,0.24966934936419252,0.5187481160454323,positive,positive
134,0.3351803323216973,0.35665580321689044,0.30816386446141236,neutral,negative
135,0.32813580280035215,0.36626030352262484,0.305603893677023,neutral,positive
136,0.3403847996776869,0.356649208710701,0.3029659916116124,neutral,positive
137,0.3351803323216973,0.35665580321689044,0.30816386446141236,neutral,positive
138,0.3253969686215148,0.37428142637884554,0.3003216049996398,neutral,neutral
139,0.28928191483946314,0.42706601699831054,0.2836520681622262,neutral,positive
140,0.33994341200959793,0.35496816432350703,0.30508842366689526,neutral,neutral
141,0.3752591162602138,0.3340925389760594,0.29064834476372653,negative,neutral
142,0.3351803323216973,0.35665580321689044,0.30816386446141236,neutral,neutral
143,0.421032482901594,0.30792372847058636,0.27104378862781986,negative,neutral
144,0.35302953794355163,0.3457113855522913,0.301259076504157,negative,negative
145,0.2109745015057414,0.2336011899366855,0.5554243085575732,positive,positive
146,0.15420848309656296,0.16962426839521752,0.6761672485082191,positive,positive
147,0.2335012149667587,0.26451194514677345,0.5019868398864681,positive,positive
148,0.3351803323216973,0.35665580321689044,0.30816386446141236,neutral,neutral
149,0.12234052485321333,0.27687149865200866,0.6007879764947783,positive,neutral
150,0.35910707758450006,0.34142837377621293,0.29946454863928745,negative,positive
151,0.39863769183849546,0.31892394516854194,0.2824383629929625,negative,negative
152,0.5076734566382121,0.2561073284089301,0.23621921495285783,negative,negative
153,0.3264502070103287,0.3682221458998251,0.30532764708984644,neutral,neutral
154,0.3475423211207132,0.3470313155639269,0.30542636331536,negative,positive
155,0.29596479240990115,0.37730850232192525,0.3267267052681735,neutral,neutral
156,0.34990953102502387,0.3456057062764868,0.3044847626984893,negative,neutral
157,0.3352284941163408,0.35391321600651254,0.31085828987714675,neutral,positive
158,0.23558087692066898,0.2712979443293752,0.4931211787499562,positive,positive
159,0.3353660612280851,0.35636141971943297,0.30827251905248204,neutral,neutral
160,0.33478538501059907,0.3573244021161937,0.30789021287320745,neutral,positive
161,0.3351803323216973,0.35665580321689044,0.30816386446141236,neutral,negative
162,0.3351803323216973,0.35665580321689044,0.30816386446141236,neutral,neutral
163,0.25881453539180266,0.2916717240715348,0.44951374053666254,positive,positive
164,0.21287212287285356,0.22535072549501967,0.5617771516321264,positive,positive
165,0.33539756574550494,0.3566196792984094,0.30798275495608585,neutral,neutral
166,0.3351803323216973,0.35665580321689044,0.30816386446141236,neutral,negative
167,0.3345046138992945,0.35697444778376,0.30852093831694577,neutral,negative
168,0.2413082646491155,0.2531545605615561,0.5055371747893284,positive,positive
169,0.27605715095687017,0.4462131208407969,0.2777297282023331,neutral,neutral
170,0.2307959164494844,0.25056281694985316,0.518641266600662,positive,neutral
171,0.3351803323216973,0.35665580321689044,0.30816386446141236,neutral,negative
172,0.3351803323216973,0.35665580321689044,0.30816386446141236,neutral,neutral
173,0.2910554111284543,0.30801071443253547,0.4009338744390097,positive,positive
174,0.31786385801267364,0.3845141652996086,0.2976219766877185,neutral,neutral
175,0.14347133895365366,0.15791084124709476,0.6986178197992517,positive,positive
176,0.33487948239882404,0.35710455055176926,0.30801596704940676,neutral,neutral
177,0.3340182531150426,0.3570659482144867,0.3089157986704708,neutral,positive
178,0.33733026129964516,0.35462493348459634,0.3080448052157587,neutral,neutral
179,0.4951015785738091,0.2812399627811125,0.22365845864507822,negative,negative
180,0.299660938266063,0.3129697362154288,0.38736932551850817,positive,positive
181,0.3273450448681496,0.3562434813843641,0.31641147374748657,neutral,positive
182,0.2150769332841534,0.24385460426435682,0.5410684624514897,positive,positive
183,0.4802029134078745,0.2737809083190448,0.24601617827308028,negative,negative
184,0.3351803323216973,0.35665580321689044,0.30816386446141236,neutral,neutral
185,0.30424866567243014,0.3907801453923768,0.30497118893519315,neutral,neutral
186,0.3351803323216973,0.35665580321689044,0.30816386446141236,neutral,neutral
187,0.32999060224165755,0.36166699074735187,0.3083424070109908,neutral,neutral
188,0.1989655917061584,0.2358124729876639,0.5652219353061775,positive,positive
189,0.337076123856663,0.35575517258943995,0.3071687035538972,neutral,neutral
190,0.3351803323216973,0.35665580321689044,0.30816386446141236,neutral,positive
191,0.3347985538014485,0.3570073768649582,0.30819406933359356,neutral,neutral
192,0.37047487965464293,0.2187921596846659,0.4107329606606915,positive,positive
193,0.3327468141926094,0.35598234285044006,0.31127084295695073,neutral,positive
194,0.33718098212377606,0.35554516050474955,0.3072738573714745,neutral,neutral
195,0.33482767728468205,0.35666850190972865,0.30850382080558936,neutral,neutral
196,0.33788879731171884,0.3543768928970681,0.30773430979121325,neutral,neutral
197,0.3203003723900399,0.38119415823315467,0.29850546937680633,neutral,neutral
198,0.3351803323216973,0.35665580321689044,0.30816386446141236,neutral,positive
199,0.3552013397227687,0.343038736120688,0.30175992415654346,negative,negative
200,0.33547319493846206,0.35641087421998235,0.3081159308415556,neutral,neutral
201,0.3351803323216973,0.35665580321689044,0.30816386446141236,neutral,negative
202,0.3679163723910092,0.33920858963739664,0.29287503797159425,negative,neutral
203,0.3476584691579134,0.3503981357959186,0.3019433950461681,neutral,negative
204,0.3351803323216973,0.35665580321689044,0.30816386446141236,neutral,neutral
205,0.2400984719306071,0.4660152214786304,0.2938863065907626,neutral,neutral
206,0.2641519646618802,0.45927494567860455,0.27657308965951627,neutral,neutral
207,0.3239510768107924,0.36948737484983185,0.3065615483393762,neutral,neutral
208,0.3358542915835711,0.3563523483103082,0.30779336010612074,neutral,positive
209,0.32479948581157725,0.37623974402544563,0.2989607701629776,neutral,negative
210,0.4945413869885186,0.2496448109989716,0.2558138020125096,negative,negative
211,0.3630811613084763,0.33314610364619957,0.30377273504532426,negative,neutral
212,0.3576927728123673,0.34163493034098524,0.30067229684664737,negative,positive
213,0.33495483280420674,0.35675023985000615,0.3082949273457872,neutral,neutral
214,0.3624310011397776,0.34038361554366614,0.2971853833165564,negative,positive
215,0.3167701831923069,0.3882215889084445,0.29500822789924924,neutral,neutral
216,0.3351803323216973,0.35665580321689044,0.30816386446141236,neutral,neutral
217,0.33547319493846206,0.35641087421998235,0.3081159308415556,neutral,neutral
218,0.2117471350871885,0.2258086939614748,0.5624441709513368,positive,positive
219,0.33495483280420674,0.35675023985000615,0.3082949273457872,neutral,positive
220,0.33363409832319957,0.35629964482396814,0.31006625685283257,neutral,negative
221,0.2351663093875929,0.26867856119892786,0.4961551294134794,positive,positive
222,0.3351803323216973,0.35665580321689044,0.30816386446141236,neutral,positive
223,0.21183012889155353,0.2697234594804252,0.5184464116280209,positive,neutral
224,0.23596120919638186,0.26479672679071337,0.4992420640129047,positive,positive
225,0.3325746671516127,0.32493852556453046,0.342486807283857,positive,positive
226,0.3403986107057266,0.3564745042686126,0.3031268850256611,neutral,negative
227,0.24570172762418063,0.24679577494570992,0.5075024974301096,positive,positive
228,0.301480821459161,0.332528468370546,0.3659907101702934,positive,positive
229,0.2942657889470404,0.38357090695504764,0.32216330409791183,neutral,neutral
230,0.3346943754758847,0.35714058380963853,0.308165040714477,neutral,positive
231,0.3336940914245489,0.35550151959981513,0.3108043889756361,neutral,neutral
232,0.47690334623797537,0.24896419584007123,0.2741324579219533,negative,negative
233,0.341504783410116,0.3530852747531499,0.3054099418367343,neutral,negative
234,0.24375426534960265,0.2986682828256696,0.4575774518247273,positive,positive
235,0.1738564603979196,0.40586591948085177,0.4202776201212291,positive,positive
236,0.3565895308000239,0.34525464483276724,0.29815582436720917,negative,neutral
237,0.3351803323216973,0.35665580321689044,0.30816386446141236,neutral,neutral
238,0.23373823509411842,0.2604905449816129,0.5057712199242685,positive,positive
239,0.3345092403674684,0.35760324862179943,0.3078875110107324,neutral,neutral
240,0.32691933028112813,0.37006335815115177,0.3030173115677206,neutral,neutral
241,0.32727872505907485,0.34119985069029035,0.33152142425063463,neutral,positive
242,0.4558265712495632,0.2911448760347973,0.2530285527156394,negative,neutral
243,0.2650275412002766,0.29189773203184094,0.44307472676788245,positive,positive
244,0.3367564435780174,0.35494229801546184,0.3083012584065208,neutral,positive
245,0.33584466094801463,0.3564292202907165,0.30772611876126904,neutral,negative
246,0.23575189506714805,0.27726317507683745,0.48698492985601477,positive,positive
247,0.31969184827078473,0.3858958530564324,0.29441229867278357,neutral,neutral
248,0.3345461775061995,0.3578603906201687,0.3075934318736318,neutral,neutral
249,0.3344855981364499,0.357898605535813,0.3076157963277374,neutral,positive
250,0.33422537143896636,0.3582594763352745,0.3075151522257594,neutral,neutral
251,0.24402518451365615,0.2588459341918656,0.49712888129447846,positive,positive
252,0.3349183592736248,0.3572193065770755,0.3078623341493,neutral,neutral
253,0.2784499600692875,0.4207055716808284,0.3008444682498846,neutral,positive
254,0.3368413741853251,0.355897984126981,0.307260641687694,neutral,positive
255,0.36082038330498173,0.33815547984481154,0.3010241368502068,negative,negative
256,0.3351803323216973,0.35665580321689044,0.30816386446141236,neutral,neutral
257,0.3069175435277239,0.37446878905379133,0.3186136674184846,neutral,neutral
258,0.30665170542157516,0.384846079259799,0.3085022153186259,neutral,positive
259,0.48291773467953886,0.277225485461568,0.2398567798588929,negative,negative
260,0.39001226117618026,0.3262363446519941,0.2837513941718255,negative,negative
261,0.3369375761831869,0.36364883846135515,0.29941358535545803,neutral,neutral
262,0.45382841031700755,0.2932712996226899,0.25290029006030246,negative,negative
263,0.3161682609351288,0.3872002879609614,0.2966314511039105,neutral,positive
264,0.3351803323216973,0.35665580321689044,0.30816386446141236,neutral,neutral
265,0.3351803323216973,0.35665580321689044,0.30816386446141236,neutral,positive
266,0.5303951851397481,0.25724053792392526,0.21236427693632634,negative,negative
267,0.3351803323216973,0.35665580321689044,0.30816386446141236,neutral,neutral
268,0.23550926044581913,0.2522222613057254,0.5122684782484553,positive,positive
269,0.3351803323216973,0.35665580321689044,0.30816386446141236,neutral,negative
270,0.341504783410116,0.3530852747531499,0.3054099418367343,neutral,positive
271,0.251979471358679,0.2731258536757037,0.4748946749656175,positive,positive
272,0.3115166347557864,0.37710012778141044,0.31138323746280344,neutral,neutral
273,0.3351803323216973,0.35665580321689044,0.30816386446141236,neutral,neutral
274,0.3322171035260241,0.35911625954706267,0.3086666369269134,neutral,neutral
275,0.3354249170184086,0.3562614970010486,0.3083135859805429,neutral,neutral
276,0.23259757156883246,0.2513501068179994,0.516052321613168,positive,positive
277,0.21513471466182502,0.23394741322898713,0.5509178721091876,positive,positive
278,0.3403847996776869,0.356649208710701,0.3029659916116124,neutral,positive
279,0.3351803323216973,0.35665580321689044,0.30816386446141236,neutral,positive
280,0.3351803323216973,0.35665580321689044,0.30816386446141236,neutral,negative
281,0.38396608517939723,0.3283344603182682,0.2876994545023347,negative,neutral
282,0.4936980874844894,0.2493845839743309,0.2569173285411795,negative,negative
283,0.3351803323216973,0.35665580321689044,0.30816386446141236,neutral,negative
284,0.3351803323216973,0.35665580321689044,0.30816386446141236,neutral,neutral
285,0.35109124408279224,0.3400310455296659,0.30887771038754214,negative,negative
286,0.3351803323216973,0.35665580321689044,0.30816386446141236,neutral,positive
287,0.27211151755207896,0.45156283753913873,0.27632564490878225,neutral,neutral
288,0.3351803323216973,0.35665580321689044,0.30816386446141236,neutral,negative
289,0.4582625757315783,0.30473079755253807,0.23700662671588427,negative,negative
290,0.2529902433724117,0.262001349493093,0.48500840713449533,positive,positive
291,0.31084719053481896,0.34163462690906554,0.3475181825561156,positive,neutral
292,0.23319269857940064,0.2729084979678706,0.49389880345272896,positive,positive
293,0.24208705901760136,0.3002282982315374,0.4576846427508611,positive,negative
294,0.2345090920477756,0.26788714445514666,0.4976037634970779,positive,neutral
295,0.33390371135771557,0.3562027755865657,0.30989351305571883,neutral,negative
296,0.21288976209666816,0.23623904335851795,0.5508711945448139,positive,positive
297,0.31719079450803006,0.388389308328543,0.29441989716342765,neutral,neutral
298,0.34040056684870335,0.35578032912873264,0.3038191040225642,neutral,neutral
299,0.21226183873016236,0.5382635629698949,0.2494745982999418,neutral,neutral
300,0.24431356181284933,0.3459840469928532,0.4097023911942977,positive,neutral
301,0.26994419748556975,0.4533201690649681,0.27673563344946195,neutral,neutral
302,0.3204961075259151,0.3807504504442315,0.2987534420298543,neutral,positive
303,0.2731690563343694,0.4456440601869663,0.28118688347866505,neutral,neutral
304,0.3351803323216973,0.35665580321689044,0.30816386446141236,neutral,neutral
305,0.3351803323216973,0.35665580321689044,0.30816386446141236,neutral,positive
306,0.33557200316845265,0.3563359526906209,0.3080920441409265,neutral,neutral
307,0.333121295503998,0.3575535884073481,0.30932511608865404,neutral,neutral
308,0.3351803323216973,0.35665580321689044,0.30816386446141236,neutral,positive
309,0.28999295783575335,0.39122737161397875,0.3187796705502679,neutral,neutral
310,0.33718098212377606,0.35554516050474955,0.3072738573714745,neutral,negative
311,0.3351803323216973,0.35665580321689044,0.30816386446141236,neutral,neutral
312,0.2724830996030118,0.3113574272043961,0.4161594731925924,positive,positive
313,0.21382744583552088,0.233173321553849,0.55299923261063,positive,positive
314,0.39121117330220095,0.22269974150950939,0.38608908518828977,negative,neutral
315,0.3342273033207781,0.35842767285425275,0.3073450238249693,neutral,positive
316,0.3351803323216973,0.35665580321689044,0.30816386446141236,neutral,positive
317,0.32799387168291105,0.35486185616146354,0.31714427215562535,neutral,positive
318,0.33530355711668314,0.356103195074999,0.308593247808318,neutral,neutral
319,0.2960400822913391,0.34315062254570566,0.36080929516295474,positive,positive
320,0.3385551902011632,0.3564695327006803,0.3049752770981567,neutral,negative
321,0.3347985538014485,0.3570073768649582,0.30819406933359356,neutral,neutral
322,0.33558209335131234,0.35337360982295035,0.31104429682573737,neutral,neutral
323,0.3351803323216973,0.35665580321689044,0.30816386446141236,neutral,neutral
324,0.3351803323216973,0.35665580321689044,0.30816386446141236,neutral,negative
325,0.49012068507192413,0.26122922413080063,0.2486500907972753,negative,neutral
326,0.4210938453298923,0.30456531512133916,0.27434083954876876,negative,negative
327,0.31841986813099016,0.29193562487899716,0.38964450699001263,positive,negative
328,0.33733026129964516,0.35462493348459634,0.3080448052157587,neutral,negative
329,0.3811169549999493,0.20788973991107687,0.4109933050889735,positive,negative
330,0.3351803323216973,0.35665580321689044,0.30816386446141236,neutral,positive
331,0.304944232129577,0.3894205875022686,0.3056351803681545,neutral,positive
332,0.3344855981364499,0.357898605535813,0.3076157963277374,neutral,negative
333,0.3351803323216973,0.35665580321689044,0.30816386446141236,neutral,neutral
334,0.31938832877449796,0.3825669098267259,0.29804476139877706,neutral,negative
335,0.35202663398090345,0.35019206250319407,0.2977813035159023,negative,positive
336,0.30758283186024393,0.35152466216121336,0.3408925059785429,neutral,positive
337,0.31725896314032376,0.3653662395763373,0.31737479728333945,neutral,neutral
338,0.3351803323216973,0.35665580321689044,0.30816386446141236,neutral,negative
339,0.49459207530751714,0.25518305895520904,0.25022486573727387,negative,negative
340,0.28282197519388746,0.3008230222336815,0.416355002572431,positive,positive
341,0.3351803323216973,0.35665580321689044,0.30816386446141236,neutral,neutral
342,0.3351803323216973,0.35665580321689044,0.30816386446141236,neutral,neutral
343,0.3282193712004016,0.35476741952834784,0.3170132092712505,neutral,positive
344,0.24441271927850744,0.29150355967268415,0.46408372104880835,positive,positive
345,0.3348436593016596,0.3572137109022373,0.3079426297961032,neutral,neutral
346,0.3518773820531092,0.34796107447199565,0.30016154347489504,negative,negative
347,0.3351803323216973,0.35665580321689044,0.30816386446141236,neutral,neutral
348,0.23653431736076314,0.25502289496615344,0.5084427876730834,positive,positive
349,0.32115270686582453,0.3812920900717758,0.2975552030624006,neutral,positive
350,0.5045128062510514,0.2743703282266908,0.22111686552225793,negative,negative
351,0.3384924387483748,0.3554299415932472,0.3060776196583783,neutral,positive
352,0.19778782603980688,0.25501931606284567,0.5471928578973475,positive,positive
353,0.3351803323216973,0.35665580321689044,0.30816386446141236,neutral,neutral
354,0.29975308082381713,0.30767774774467344,0.3925691714315094,positive,positive
355,0.3351803323216973,0.35665580321689044,0.30816386446141236,neutral,positive
356,0.21513471466182502,0.23394741322898713,0.5509178721091876,positive,positive
357,0.3339669959282162,0.35732519760798803,0.30870780646379603,neutral,neutral
358,0.4120897181761214,0.3107210782397288,0.27718920358415,negative,positive
359,0.2385245436878784,0.27229680693831537,0.48917864937380634,positive,positive
360,0.2173063317185865,0.22954267676663817,0.5531509915147754,positive,positive
361,0.3351803323216973,0.35665580321689044,0.30816386446141236,neutral,positive
362,0.3167261338016365,0.37250268215124605,0.3107711840471177,neutral,positive
363,0.2607986225399851,0.25764005644379756,0.48156132101621746,positive,positive
364,0.3344999927641194,0.357567431827267,0.30793257540861374,neutral,neutral
365,0.3538449335603538,0.34469980444768766,0.30145526199195893,negative,positive
366,0.3382013325342883,0.3552151241521938,0.30658354331351795,neutral,neutral
367,0.3351803323216973,0.35665580321689044,0.30816386446141236,neutral,negative
368,0.3351803323216973,0.35665580321689044,0.30816386446141236,neutral,neutral
369,0.27068411158599603,0.2989470386429397,0.4303688497710646,positive,positive
370,0.23268657339370669,0.2670745123914178,0.5002389142148757,positive,positive
371,0.29772128944434256,0.2745757775426681,0.42770293301298973,positive,positive
372,0.30906711405252346,0.354408577540669,0.3365243084068074,neutral,neutral
373,0.3351803323216973,0.35665580321689044,0.30816386446141236,neutral,positive
374,0.33401387196042753,0.3557191365919618,0.31026699144761094,neutral,positive
375,0.3552143205596533,0.3458504254094499,0.29893525403089677,negative,negative
376,0.33640866540115866,0.35621764374568077,0.3073736908531608,neutral,negative
377,0.33871863367149885,0.35195846783816725,0.30932289849033423,neutral,neutral
378,0.3258650147881291,0.371794485391447,0.3023404998204243,neutral,neutral
379,0.32580931099462734,0.34672991227101735,0.3274607767343554,neutral,neutral
380,0.28723773144383924,0.35652261339791447,0.35623965515824696,neutral,positive
381,0.3351803323216973,0.35665580321689044,0.30816386446141236,neutral,neutral
382,0.3351803323216973,0.35665580321689044,0.30816386446141236,neutral,positive
383,0.3356991467946325,0.35632423122106033,0.30797662198430725,neutral,neutral
384,0.3536918874253705,0.34578793039742295,0.3005201821772064,negative,negative
385,0.29950019858782356,0.3178638631105476,0.38263593830162884,positive,positive
386,0.2895755311944951,0.31419815453796984,0.3962263142675348,positive,positive
387,0.29472360604539777,0.3804066360883406,0.3248697578662615,neutral,negative
388,0.22383720841230523,0.2812987588798293,0.49486403270786544,positive,neutral
389,0.21427393387598834,0.23549234802799865,0.550233718096013,positive,positive
390,0.3351803323216973,0.35665580321689044,0.30816386446141236,neutral,positive
391,0.5210997835251834,0.25110290528582924,0.22779731118898675,negative,negative
392,0.36458982268994017,0.3387201024256118,0.29669007488444826,negative,positive
393,0.3351803323216973,0.35665580321689044,0.30816386446141236,neutral,positive
394,0.3332609322886482,0.35584334546411034,0.31089572224724166,neutral,neutral
395,0.3351803323216973,0.35665580321689044,0.30816386446141236,neutral,negative
396,0.521270274917247,0.2510547634374485,0.22767496164530407,negative,negative
397,0.3381305509324449,0.3463217233639047,0.31554772570365086,neutral,positive
398,0.4886251682495395,0.24918568990574977,0.2621891418447104,negative,positive
399,0.3351934626886744,0.3575688937842727,0.3072376435270532,neutral,positive
400,0.2743795350183351,0.25677727128701533,0.4688431936946498,positive,positive
401,0.29621361928702655,0.3180027648408312,0.38578361587214227,positive,negative
402,0.3351803323216973,0.35665580321689044,0.30816386446141236,neutral,neutral
403,0.33587086584072073,0.3564459809344696,0.30768315322480977,neutral,neutral
404,0.3653393368665711,0.3380295796416321,0.2966310834917969,negative,negative
405,0.3636929571537588,0.34212852107169006,0.2941785217745513,negative,negative
406,0.2326116097746899,0.26752856130522856,0.4998598289200817,positive,positive
407,0.3351803323216973,0.35665580321689044,0.30816386446141236,neutral,neutral
408,0.46943626774284564,0.2642431085497354,0.26632062370741877,negative,negative
409,0.3367744547070546,0.3559909202662312,0.3072346250267144,neutral,negative
410,0.2893852019818152,0.31544972840224245,0.39516506961594206,positive,positive
411,0.3740033789284301,0.32687658468763586,0.299120036383934,negative,negative
412,0.24255664720151518,0.2522262988541768,0.505217053944308,positive,positive
413,0.3351803323216973,0.35665580321689044,0.30816386446141236,neutral,neutral
414,0.34312689493160975,0.3512682321140755,0.30560487295431504,neutral,negative
415,0.3351803323216973,0.35665580321689044,0.30816386446141236,neutral,positive
416,0.23186043665651862,0.26585847850307426,0.5022810848404072,positive,positive
417,0.30647899894932823,0.3339160213782107,0.35960497967246113,positive,positive
418,0.3351803323216973,0.35665580321689044,0.30816386446141236,neutral,negative
419,0.3351803323216973,0.35665580321689044,0.30816386446141236,neutral,neutral
420,0.3167701831923069,0.3882215889084445,0.29500822789924924,neutral,negative
421,0.3351803323216973,0.35665580321689044,0.30816386446141236,neutral,positive
422,0.3331187891401844,0.3560655942064693,0.3108156166533464,neutral,neutral
423,0.3351803323216973,0.35665580321689044,0.30816386446141236,neutral,positive
424,0.2312361297920015,0.2712469402742724,0.49751692993372626,positive,positive
425,0.23095510938585687,0.2817258341907034,0.48731905642344003,positive,positive
426,0.3351803323216973,0.35665580321689044,0.30816386446141236,neutral,neutral
427,0.40366078075277956,0.2373352505779072,0.35900396866931267,negative,positive
428,0.3346285056986167,0.3568030795665903,0.30856841473479335,neutral,neutral
429,0.2714658215185395,0.27387398817230996,0.4546601903091504,positive,positive
430,0.33482767728468205,0.35666850190972865,0.30850382080558936,neutral,neutral
431,0.4603251779659904,0.29121112426756823,0.24846369776644114,negative,negative
432,0.33553680243012,0.3560916404325997,0.30837155713728037,neutral,neutral
433,0.3328572746069684,0.3503595019779042,0.31678322341512744,neutral,positive
434,0.3540948545530337,0.3456236483468877,0.3002814971000788,negative,neutral
435,0.3478914678650534,0.34438039258788,0.3077281395470665,negative,positive
436,0.22803976611822566,0.21065779352869254,0.561302440353082,positive,positive
437,0.488344089372455,0.27778093354606187,0.2338749770814833,negative,negative
438,0.41225710354923095,0.31094541324001473,0.27679748321075465,negative,negative
439,0.26309056499005123,0.45836566427263215,0.27854377073731634,neutral,neutral
440,0.3354150819930352,0.35651299167934947,0.30807192632761554,neutral,negative
441,0.21497025058372493,0.23841400073530952,0.5466157486809655,positive,positive
442,0.21968617421291417,0.5185782472355702,0.2617355785515152,neutral,neutral
443,0.3351803323216973,0.35665580321689044,0.30816386446141236,neutral,neutral
444,0.4362980099743255,0.29131286450962685,0.27238912551604744,negative,negative
445,0.22167713155351626,0.2801886357583753,0.49813423268810864,positive,positive
446,0.28703701742144005,0.3429084943086327,0.370054488269927,positive,neutral
447,0.35852944560418304,0.3466553486469849,0.29481520574883247,negative,neutral
448,0.41400867644208844,0.3117652379605844,0.2742260855973272,negative,negative
449,0.335582131652299,0.357196713367589,0.307221154980112,neutral,positive
450,0.23293159695006585,0.2526398831685956,0.5144285198813385,positive,positive
451,0.31401551522648197,0.3879727391240752,0.2980117456494435,neutral,neutral
452,0.23291148695439526,0.2540683883736711,0.5130201246719337,positive,positive
453,0.3351803323216973,0.35665580321689044,0.30816386446141236,neutral,negative
454,0.33413871477349677,0.3559824330400921,0.3098788521864113,neutral,negative
455,0.3351803323216973,0.35665580321689044,0.30816386446141236,neutral,neutral
456,0.33539756574550494,0.3566196792984094,0.30798275495608585,neutral,neutral
457,0.3351803323216973,0.35665580321689044,0.30816386446141236,neutral,neutral
458,0.3351803323216973,0.35665580321689044,0.30816386446141236,neutral,positive
459,0.31726702839271903,0.38642291028598447,0.2963100613212973,neutral,negative
460,0.3351803323216973,0.35665580321689044,0.30816386446141236,neutral,neutral
461,0.4051713641975273,0.31521784571029726,0.27961079009217527,negative,neutral
462,0.2653866473753317,0.45423177273068754,0.2803815798939806,neutral,neutral
463,0.45316139103034514,0.24148321107074672,0.3053553978989082,negative,negative
464,0.3351803323216973,0.35665580321689044,0.30816386446141236,neutral,positive
465,0.25768847877655127,0.26116485740266754,0.48114666382078103,positive,positive
466,0.2898585834006311,0.19696926099437892,0.5131721556049902,positive,positive
467,0.28171104848609835,0.28159018899122235,0.4366987625226799,positive,positive
468,0.3334781657124558,0.35580722154562927,0.3107146127419152,neutral,negative
469,0.3354150819930352,0.35651299167934947,0.30807192632761554,neutral,positive
470,0.3309707704785719,0.3652653806168117,0.3037638489046166,neutral,neutral
471,0.26600839983292857,0.308999760078254,0.4249918400888176,positive,positive
472,0.3351803323216973,0.35665580321689044,0.30816386446141236,neutral,neutral
473,0.2900188721694552,0.3445770861145418,0.3654040417160034,positive,positive
474,0.23211813656963945,0.27960845691006614,0.48827340652029444,positive,positive
475,0.31070667260135315,0.34261266954022057,0.3466806578584263,positive,positive
476,0.26209227714256883,0.38537813416817085,0.3525295886892603,neutral,neutral
477,0.33409074586588056,0.3561838259469182,0.3097254281872015,neutral,negative
478,0.3351803323216973,0.35665580321689044,0.30816386446141236,neutral,negative
479,0.33610968765171373,0.3537517783925644,0.31013853395572194,neutral,positive
480,0.2812971813653226,0.27717482187105674,0.4415279967636213,positive,positive
481,0.3387784883305748,0.3514686015025306,0.30975291016689455,neutral,positive
482,0.22888680589294672,0.27468093253563586,0.4964322615714177,positive,positive
483,0.2638349767176449,0.46383036380774395,0.27233465947461094,neutral,neutral
484,0.33585513879673773,0.3555753240644574,0.3085695371388051,neutral,positive
485,0.3154759520840926,0.26968218604109734,0.41484186187481026,positive,positive
486,0.33862767120159115,0.3537772636825978,0.3075950651158113,neutral,neutral
487,0.3359627447220015,0.35487912433205004,0.30915813094594874,neutral,neutral
488,0.22339019198984666,0.23223906389309426,0.5443707441170591,positive,positive
489,0.3312917981193184,0.35408912608437293,0.3146190757963088,neutral,negative
490,0.26378772456531796,0.45951659412556894,0.2766956813091131,neutral,neutral
491,0.33051679669209,0.35336943071274385,0.3161137725951663,neutral,neutral
492,0.40339380254079166,0.27141406677943336,0.32519213067977515,negative,positive
493,0.3179884282881961,0.3849697966820036,0.297041775029801,neutral,neutral
494,0.37759575425691494,0.2780736705683681,0.3443305751747172,negative,positive
495,0.2307959164494844,0.25056281694985316,0.518641266600662,positive,positive
496,0.3505220236676086,0.34547714390520967,0.3040008324271818,negative,neutral
497,0.34573754150912267,0.35015582613996815,0.3041066323509095,neutral,positive
498,0.2566955182730645,0.47047637109153945,0.27282811063539614,neutral,neutral
499,0.3180293681981185,0.3846842207820902,0.2972864110197922,neutral,negative
500,0.3701798389742673,0.33716812946577124,0.2926520315599614,negative,negative
501,0.2856297652766225,0.2717204423939899,0.44264979232938745,positive,positive
502,0.1740766074354383,0.2593630017852332,0.5665603907793284,positive,neutral
503,0.21509001211519985,0.22925756891955223,0.555652418965248,positive,positive
