,negative_prob,neutral_prob,positive_prob,predicted,true
0,0.33191410216889694,0.3532093771230458,0.31487652070805744,neutral,neutral
1,0.3177189108503228,0.33670215815609655,0.3455789309935806,positive,positive
2,0.26100232468716805,0.2789358012426653,0.4600618740701662,positive,positive
3,0.3568333823127145,0.3444592062903475,0.2987074113969382,negative,positive
4,0.3314090800982369,0.3530513113665651,0.3155396085351982,neutral,negative
5,0.38415403095759654,0.3247030920450532,0.2911428769973505,negative,negative
6,0.28715157771039523,0.3105156862683625,0.40233273602124164,positive,positive
7,0.3446007868011656,0.3456285960075226,0.30977061719131205,neutral,negative
8,0.3877925646249114,0.3116160694096838,0.30059136596540453,negative,negative
9,0.3459015952652205,0.29842183505745884,0.355676569677321,positive,negative
10,0.3324196220351956,0.3529510759374678,0.3146293020273368,neutral,positive
11,0.27044572966748276,0.2827086997430679,0.4468455705894489,positive,positive
12,0.27319463591849724,0.27106223830614945,0.45574312577535303,positive,positive
13,0.3812624841949131,0.3215630625768857,0.29717445322820135,negative,negative
14,0.33191410216889694,0.3532093771230458,0.31487652070805744,neutral,neutral
15,0.22801726541630674,0.21465513396776548,0.5573276006159288,positive,positive
16,0.34572020751284305,0.3463574609954761,0.30792233149168113,neutral,neutral
17,0.3322072694806698,0.3526093489564721,0.3151833815628582,neutral,neutral
18,0.39276351319839015,0.3198504782427071,0.28738600855890317,negative,negative
19,0.31160092718321536,0.28470333639295553,0.40369573642382867,positive,positive
20,0.32987843782524356,0.35242239906877404,0.31769916310598245,neutral,neutral
21,0.33191410216889694,0.3532093771230458,0.31487652070805744,neutral,positive
22,0.28953615254030546,0.30571570703598716,0.40474814042370705,positive,positive
23,0.3315947760126933,0.2935955499532063,0.3748096740341006,positive,neutral
24,0.28866791250883744,0.3057823523254508,0.40554973516571147,positive,positive
25,0.33882615028182683,0.25008497898572923,0.4110888707324439,positive,positive
26,0.3492823509663435,0.3459034307803477,0.304814218253309,negative,positive
27,0.3495137490394984,0.2993077138085743,0.3511785371519276,positive,positive
28,0.2747274736768625,0.29483327689137745,0.43043924943176026,positive,positive
29,0.33191410216889694,0.3532093771230458,0.31487652070805744,neutral,positive
30,0.34604783236570497,0.34514676222565094,0.3088054054086443,negative,positive
31,0.30906400741534285,0.3161357371815712,0.37480025540308587,positive,positive
32,0.33108556751752477,0.3536016676589549,0.31531276482352033,neutral,neutral
33,0.32307505373051904,0.35126576163176076,0.32565918463772026,neutral,positive
34,0.3208654778917879,0.3503121125193339,0.3288224095888783,neutral,neutral
35,0.3246944426280096,0.3346448779770367,0.3406606793949537,positive,positive
36,0.3320333857550876,0.3532244592381308,0.31474215500678165,neutral,positive
37,0.33175390535412264,0.3536324364651639,0.3146136581807136,neutral,positive
38,0.3171237698719069,0.3468446291537949,0.33603160097429824,neutral,positive
39,0.33191410216889694,0.3532093771230458,0.31487652070805744,neutral,positive
40,0.3215809501134036,0.3237187577208628,0.3547002921657336,positive,positive
41,0.25307366163129136,0.2730774618556778,0.47384887651303054,positive,positive
42,0.29959838109461057,0.2551400788565245,0.44526154004886487,positive,positive
43,0.35118439566173665,0.33889522217748724,0.3099203821607762,negative,negative
44,0.3340461116326518,0.3482097343823631,0.31774415398498523,neutral,positive
45,0.28814875853631866,0.29924967933636065,0.41260156212732074,positive,positive
46,0.37680217082436807,0.326298187289688,0.29689964188594403,negative,negative
47,0.3330603060556827,0.35143380602711827,0.3155058879171992,neutral,neutral
48,0.33191410216889694,0.3532093771230458,0.31487652070805744,neutral,neutral
49,0.33171739238385844,0.3543960136418326,0.3138865939743091,neutral,neutral
50,0.2750988847909143,0.2847823891411903,0.4401187260678955,positive,positive
51,0.2725840571698955,0.28887310439259895,0.4385428384375055,positive,positive
52,0.3360813281722619,0.35098008430521294,0.31293858752252546,neutral,neutral
53,0.3768474776672907,0.3274478187099025,0.2957047036228068,negative,negative
54,0.33799786262199916,0.3488677533230604,0.31313438405494043,neutral,neutral
55,0.3440852487777089,0.34712251332753885,0.30879223789475246,neutral,negative
56,0.2985136977394458,0.28719598673501345,0.4142903155255413,positive,positive
57,0.29868197922584916,0.3026047757216039,0.3987132450525469,positive,positive
58,0.3267305469178987,0.30370969623376837,0.36955975684833303,positive,negative
59,0.31300952971324053,0.34219567464991213,0.3447947956368473,positive,positive
60,0.33191410216889694,0.3532093771230458,0.31487652070805744,neutral,neutral
61,0.3546149776018131,0.330965009179914,0.31442001321827295,negative,negative
62,0.3410583963396052,0.3483550375911533,0.31058656606924206,neutral,negative
63,0.2886221924585788,0.3062109762853594,0.40516683125606145,positive,positive
64,0.36662208512605177,0.32775959263592896,0.30561832223801916,negative,negative
65,0.33215489274443477,0.35325231388878026,0.3145927933667851,neutral,negative
66,0.4239467218239964,0.3013151926033141,0.27473808557268964,negative,negative
67,0.2886221924585788,0.3062109762853594,0.40516683125606145,positive,positive
68,0.3313241014278209,0.3528584194247194,0.3158174791474597,neutral,neutral
69,0.33325180051661285,0.3511467333593876,0.31560146612399953,neutral,positive
70,0.3267129503320077,0.342982228526295,0.3303048211416973,neutral,positive
71,0.2821018538182526,0.30819808340397753,0.4097000627777698,positive,positive
72,0.3614809796147179,0.3428749612859426,0.2956440590993395,negative,negative
73,0.2560996548993239,0.27025717665746146,0.47364316844321436,positive,positive
74,0.3325350586725926,0.35300440030970687,0.31446054101770066,neutral,neutral
75,0.33191410216889694,0.3532093771230458,0.31487652070805744,neutral,neutral
76,0.33027828072125265,0.35596250862720674,0.31375921065154067,neutral,positive
77,0.26548850797342644,0.2812233403499971,0.4532881516765762,positive,negative
78,0.33191410216889694,0.3532093771230458,0.31487652070805744,neutral,neutral
79,0.31564222719469615,0.31053297854797907,0.37382479425732457,positive,positive
80,0.3330836801356809,0.3507089752698419,0.3162073445944773,neutral,negative
81,0.3102394970548354,0.3312563073310806,0.35850419561408414,positive,positive
82,0.2920210096002961,0.3306376688724686,0.37734132152723543,positive,positive
83,0.3748649485836772,0.3298635320662745,0.2952715193500485,negative,positive
84,0.33191410216889694,0.3532093771230458,0.31487652070805744,neutral,neutral
85,0.2602413391648569,0.2682349240802286,0.4715237367549142,positive,positive
86,0.2789821121173117,0.2946935488105101,0.4263243390721783,positive,positive
87,0.3310057371534395,0.3530917597927364,0.31590250305382417,neutral,neutral
88,0.22968733967635785,0.23780652186303664,0.5325061384606062,positive,positive
89,0.3378807216010766,0.3391187925115013,0.3230004858874221,neutral,negative
90,0.3647831867261516,0.33369420296680197,0.3015226103070465,negative,negative
91,0.3372295922517751,0.3509259133378783,0.3118444944103467,neutral,negative
92,0.4301365810565794,0.30243968036572183,0.26742373857769886,negative,neutral
93,0.3305297540122296,0.3516938899210583,0.31777635606671223,neutral,positive
94,0.3773833651158868,0.32426693545434127,0.2983496994297719,negative,neutral
95,0.37428404390689995,0.33195875341598086,0.29375720267711936,negative,negative
96,0.4444735904768211,0.2542917112712308,0.3012346982519488,negative,negative
97,0.3179888381712969,0.31070735971792585,0.3713038021107775,positive,positive
98,0.3338976844501414,0.3511352849178352,0.31496703063202364,neutral,negative
99,0.33191410216889694,0.3532093771230458,0.31487652070805744,neutral,neutral
100,0.3206709112844287,0.3206177554699613,0.3587113332456102,positive,negative
101,0.28036819560188286,0.29247354674168885,0.42715825765642795,positive,positive
102,0.33191410216889694,0.3532093771230458,0.31487652070805744,neutral,negative
103,0.32440799613200594,0.34918737190477217,0.32640463196322195,neutral,positive
104,0.3055659622709301,0.3191158726516092,0.3753181650774611,positive,neutral
105,0.33928319872274754,0.3482033431782372,0.3125134580990157,neutral,neutral
106,0.33226325726966033,0.3530136576656804,0.31472308506465935,neutral,negative
107,0.3391447778781329,0.35130407594824936,0.30955114617361773,neutral,negative
108,0.4090761489444619,0.3240127742358581,0.2669110768196803,negative,negative
109,0.34287111192147357,0.34898799610441467,0.30814089197411193,neutral,positive
110,0.33191410216889694,0.3532093771230458,0.31487652070805744,neutral,positive
111,0.26823739277345987,0.2800800223075841,0.4516825849189558,positive,positive
112,0.32529848759050567,0.3647258364370062,0.3099756759724881,neutral,positive
113,0.3317615843919951,0.3528566915793125,0.31538172402869247,neutral,neutral
114,0.28089233096919286,0.29621524844044705,0.4228924205903601,positive,positive
115,0.36468688005986066,0.33522637663017374,0.30008674330996554,negative,neutral
116,0.3966087858170781,0.31219036237614806,0.2912008518067739,negative,neutral
117,0.33182535593207274,0.3531215520107635,0.3150530920571639,neutral,positive
118,0.30289133744163826,0.27575635539184035,0.4213523071665212,positive,positive
119,0.27294373286839335,0.30369931484330626,0.4233569522883007,positive,positive
120,0.36027267394460655,0.3409705531053737,0.2987567729500199,negative,negative
121,0.3821166385925387,0.32863899764351057,0.28924436376395124,negative,negative
122,0.3081382789360658,0.325265203407149,0.36659651765678497,positive,positive
123,0.36847995034253167,0.33463432280031724,0.2968857268571509,negative,neutral
124,0.33191410216889694,0.3532093771230458,0.31487652070805744,neutral,positive
125,0.3296706808710819,0.35222166180518233,0.3181076573237359,neutral,positive
126,0.33016292263583097,0.35262250535508066,0.31721457200908837,neutral,neutral
127,0.32678635101596115,0.3571370211633147,0.3160766278207243,neutral,positive
128,0.3287035518886399,0.3527965459774278,0.3184999021339324,neutral,neutral
129,0.25758090662269045,0.2795142355200447,0.46290485785726465,positive,positive
130,0.3314612094224403,0.35196124273780766,0.3165775478397522,neutral,positive
131,0.3114000991478509,0.3342467968822705,0.35435310396987857,positive,positive
132,0.3246945571542469,0.34431023578294107,0.33099520706281216,neutral,positive
133,0.28392673669953705,0.2882001437347414,0.42787311956572177,positive,positive
134,0.3620991541221418,0.337606763512563,0.3002940823652953,negative,positive
135,0.33191410216889694,0.3532093771230458,0.31487652070805744,neutral,neutral
136,0.36496973896901413,0.33593667966499,0.2990935813659959,negative,positive
137,0.3839394324506981,0.32118965817128686,0.29487090937801524,negative,neutral
138,0.33191410216889694,0.3532093771230458,0.31487652070805744,neutral,positive
139,0.33191410216889694,0.3532093771230458,0.31487652070805744,neutral,neutral
140,0.3547491440037007,0.24406284432040096,0.4011880116758983,positive,positive
141,0.33241773934971586,0.35276279407960803,0.31481946657067617,neutral,neutral
142,0.2869720255736817,0.29535896825181174,0.4176690061745067,positive,positive
143,0.32927586819187066,0.3526785802331087,0.3180455515750206,neutral,neutral
144,0.30319885039907246,0.3146572968476484,0.3821438527532796,positive,positive
145,0.3081382789360658,0.325265203407149,0.36659651765678497,positive,positive
146,0.29248931842365367,0.31694027195389923,0.39057040962244705,positive,positive
147,0.32761828647190455,0.3593474078300705,0.313034305698025,neutral,neutral
148,0.3401077031651225,0.3479685915762124,0.31192370525866564,neutral,positive
149,0.3834831656005694,0.3214573310152855,0.2950595033841455,negative,negative
150,0.3305767350191538,0.35465464172953465,0.3147686232513116,neutral,neutral
151,0.33191410216889694,0.3532093771230458,0.31487652070805744,neutral,negative
152,0.3319659014065565,0.35301744132575813,0.3150166572676856,neutral,neutral
153,0.33001294666611336,0.3515127534178167,0.3184742999160701,neutral,neutral
154,0.42547811732966495,0.30358587316506813,0.27093600950526686,negative,negative
155,0.32710191513188974,0.351631800572638,0.3212662842954724,neutral,positive
156,0.332078952152839,0.3540875291728338,0.3138335186743273,neutral,positive
157,0.30336012703411314,0.3171234983362619,0.37951637462962495,positive,positive
158,0.3310082810393437,0.3542823734301776,0.31470934553047875,neutral,neutral
159,0.3356093275691478,0.3363440141232591,0.328046658307593,neutral,neutral
160,0.33902484786675036,0.3402086130063474,0.3207665391269022,neutral,negative
161,0.3268541912604094,0.3523377251871495,0.3208080835524412,neutral,positive
162,0.33191410216889694,0.3532093771230458,0.31487652070805744,neutral,positive
163,0.3310001062837355,0.352460622393042,0.3165392713232225,neutral,positive
164,0.3320697225504395,0.3530960614340738,0.3148342160154868,neutral,positive
165,0.3307416489750795,0.35490606588665013,0.3143522851382704,neutral,positive
166,0.33191410216889694,0.3532093771230458,0.31487652070805744,neutral,positive
167,0.3286570824664147,0.35256627803076823,0.3187766395028172,neutral,positive
168,0.3374851712306219,0.3511076475292714,0.3114071812401069,neutral,negative
169,0.33454577938384406,0.3515613323639603,0.31389288825219586,neutral,negative
170,0.33191410216889694,0.3532093771230458,0.31487652070805744,neutral,positive
171,0.3022314153142597,0.30247917716400324,0.3952894075217372,positive,positive
172,0.2971843808366136,0.3013108686057286,0.4015047505576575,positive,negative
173,0.33191410216889694,0.3532093771230458,0.31487652070805744,neutral,neutral
174,0.38360528184821246,0.3232300949671458,0.2931646231846419,negative,negative
175,0.4066854630123881,0.3056112205573238,0.28770331643028824,negative,positive
176,0.33092490828364574,0.35356567248851845,0.3155094192278359,neutral,negative
177,0.32402185062106165,0.36873861857113843,0.30723953080780003,neutral,neutral
178,0.33135637073549123,0.35400666572950046,0.3146369635350085,neutral,negative
179,0.2814878821911794,0.30200967489551417,0.4165024429133063,positive,positive
180,0.3327634598493468,0.35277472730596865,0.31446181284468455,neutral,neutral
181,0.2705155705715053,0.26685026146500873,0.4626341679634859,positive,positive
182,0.3217622510387299,0.3564382093720089,0.3217995395892614,neutral,positive
183,0.33200440632382555,0.35185680404460934,0.3161387896315653,neutral,neutral
184,0.2811574520835625,0.2964137446631192,0.4224288032533182,positive,positive
185,0.33191410216889694,0.3532093771230458,0.31487652070805744,neutral,neutral
186,0.3309388481770415,0.3550557519861495,0.314005399836809,neutral,positive
187,0.33718748718942954,0.35140761756886907,0.3114048952417014,neutral,negative
188,0.353245988781872,0.3427792708188832,0.30397474039924505,negative,neutral
189,0.3354528174394216,0.34882986491610396,0.3157173176444745,neutral,positive
190,0.33191410216889694,0.3532093771230458,0.31487652070805744,neutral,neutral
191,0.3411864535034071,0.3513660074318686,0.3074475390647246,neutral,positive
192,0.28091949328901605,0.2871763137177743,0.4319041929932094,positive,positive
193,0.3274324224343253,0.35915436780036336,0.31341320976531134,neutral,neutral
194,0.33191410216889694,0.3532093771230458,0.31487652070805744,neutral,positive
195,0.3316089198764965,0.3541410489916591,0.3142500311318444,neutral,neutral
196,0.27742164602488,0.2891626912063713,0.4334156627687486,positive,positive
197,0.23768577001981472,0.23835187165019805,0.5239623583299874,positive,positive
198,0.2792432611395163,0.2890907112978734,0.4316660275626101,positive,positive
199,0.3333255632697865,0.3518052339293877,0.314869202800826,neutral,positive
200,0.36045992522053694,0.33736566222966274,0.3021744125498003,negative,negative
201,0.3322640016536529,0.3530643916264397,0.31467160671990746,neutral,neutral
202,0.26209798220004993,0.27192821970666503,0.4659737980932853,positive,positive
203,0.33261027863528936,0.3537750315062432,0.3136146898584676,neutral,negative
204,0.31196458251297987,0.37280377862834074,0.31523163885867966,neutral,neutral
205,0.39491947782379516,0.3089689749609036,0.29611154721530153,negative,negative
206,0.31845185090458983,0.34274452665985744,0.3388036224355526,neutral,neutral
207,0.3312542646506277,0.3524931050925536,0.3162526302568189,neutral,negative
208,0.32912798736831295,0.35068631116570226,0.32018570146598496,neutral,positive
209,0.33191410216889694,0.3532093771230458,0.31487652070805744,neutral,positive
210,0.3323200778354025,0.3527464194891254,0.3149335026754722,neutral,neutral
211,0.319771460251607,0.336332842657802,0.34389569709059137,positive,negative
212,0.265870596741558,0.2701970836950492,0.46393231956339304,positive,positive
213,0.2772041991996606,0.29168921170551537,0.4311065890948239,positive,positive
214,0.36998235468431995,0.33422428680268895,0.2957933585129909,negative,positive
215,0.33191410216889694,0.3532093771230458,0.31487652070805744,neutral,negative
216,0.33848514449870637,0.3497865234969421,0.311728332004352,neutral,positive
217,0.38785249476698397,0.3207429089469928,0.29140459628602333,negative,negative
218,0.37371678956766247,0.32521765948858117,0.3010655509437566,negative,negative
219,0.3321123399960573,0.35313343870687036,0.3147542212970724,neutral,neutral
220,0.33745362876933416,0.35112498665428543,0.3114213845763805,neutral,negative
221,0.33191410216889694,0.3532093771230458,0.31487652070805744,neutral,positive
222,0.3349005823958823,0.35108413529932736,0.31401528230479037,neutral,positive
223,0.3330693929809178,0.3532702605576185,0.3136603464614638,neutral,negative
224,0.3318073594482719,0.3524954305455061,0.3156972100062221,neutral,neutral
225,0.35955210379002533,0.3308888364560885,0.3095590597538863,negative,neutral
226,0.2929598636560353,0.30280865240129684,0.40423148394266756,positive,positive
227,0.33191410216889694,0.3532093771230458,0.31487652070805744,neutral,positive
228,0.40307947588475296,0.3106272425983692,0.2862932815168779,negative,negative
229,0.32505256439992014,0.36228943381863515,0.3126580017814449,neutral,neutral
230,0.29868197922584916,0.3026047757216039,0.3987132450525469,positive,positive
231,0.33974374218727177,0.34220530135667465,0.3180509564560537,neutral,negative
232,0.33034678671984413,0.3553308449191342,0.3143223683610218,neutral,neutral
233,0.38189033103308684,0.318708764586585,0.29940090438032824,negative,negative
234,0.33191410216889694,0.3532093771230458,0.31487652070805744,neutral,neutral
235,0.3312768045476025,0.3519382736872587,0.3167849217651388,neutral,neutral
236,0.3335008835207482,0.3489234593444619,0.31757565713479,neutral,neutral
237,0.3317615843919951,0.3528566915793125,0.31538172402869247,neutral,positive
238,0.28806623642047813,0.3060806166633048,0.40585314691621677,positive,positive
239,0.3335619757444559,0.352200759966487,0.31423726428905746,neutral,negative
240,0.37501554348387883,0.3268482010111588,0.2981362555049626,negative,negative
241,0.3331658668683116,0.3527357651481486,0.31409836798353996,neutral,positive
242,0.33150608487444694,0.35375028758424343,0.3147436275413097,neutral,neutral
243,0.3321123399960573,0.35313343870687036,0.3147542212970724,neutral,neutral
244,0.3291054718112206,0.35213372223554834,0.3187608059532313,neutral,positive
245,0.33143724758806575,0.35369516161305775,0.3148675907988766,neutral,positive
246,0.23929994554200576,0.2477879196614299,0.5129121347965641,positive,positive
247,0.33191410216889694,0.3532093771230458,0.31487652070805744,neutral,positive
248,0.33190952573566523,0.3535191207761919,0.3145713534881429,neutral,neutral
249,0.3312983701879165,0.3537428941623849,0.3149587356496986,neutral,neutral
250,0.2679669083969055,0.2830717845428853,0.44896130706020915,positive,positive
251,0.33214064207892074,0.35321267366440023,0.3146466842566792,neutral,neutral
252,0.34057283957487317,0.3461167951592993,0.31331036526582806,neutral,positive
253,0.32441707384417445,0.3544659129376197,0.321117013218206,neutral,negative
254,0.33191410216889694,0.3532093771230458,0.31487652070805744,neutral,neutral
255,0.33191410216889694,0.3532093771230458,0.31487652070805744,neutral,positive
256,0.3309827686912149,0.3536655918492383,0.3153516394595469,neutral,neutral
257,0.33191410216889694,0.3532093771230458,0.31487652070805744,neutral,negative
258,0.33191410216889694,0.3532093771230458,0.31487652070805744,neutral,neutral
259,0.3338298153288415,0.35227412946262066,0.3138960552085379,neutral,positive
260,0.331697503117077,0.352874571174518,0.31542792570840505,neutral,neutral
261,0.3121239169315138,0.3047259313250658,0.38315015174342054,positive,neutral
262,0.33191410216889694,0.3532093771230458,0.31487652070805744,neutral,neutral
263,0.32916987031671663,0.33794819415565647,0.3328819355276266,neutral,negative
264,0.3889121514255446,0.3216935215968638,0.2893943269775921,negative,negative
265,0.31027460446539085,0.30429438541604514,0.3854310101185639,positive,positive
266,0.3212054857311894,0.3452412185412454,0.3335532957275651,neutral,positive
267,0.3330836801356809,0.3507089752698419,0.3162073445944773,neutral,neutral
268,0.33191410216889694,0.3532093771230458,0.31487652070805744,neutral,negative
269,0.26665131915062945,0.26771379846056903,0.46563488238880135,positive,positive
270,0.33191410216889694,0.3532093771230458,0.31487652070805744,neutral,negative
271,0.33149429311771067,0.3527466593167221,0.31575904756556716,neutral,positive
272,0.33855387427330347,0.34573805270386665,0.31570807302283005,neutral,negative
273,0.38990787756874334,0.30407610544859004,0.30601601698266717,negative,negative
274,0.29271740770405313,0.3043341973030509,0.40294839499289553,positive,positive
275,0.3306276666144608,0.3514222369996143,0.31795009638592503,neutral,positive
276,0.2987820657872547,0.30218399080020253,0.39903394341254267,positive,positive
277,0.33226325726966033,0.3530136576656804,0.31472308506465935,neutral,neutral
278,0.33191410216889694,0.3532093771230458,0.31487652070805744,neutral,neutral
279,0.33120683487287417,0.3534085189261219,0.315384646201004,neutral,positive
280,0.33191410216889694,0.3532093771230458,0.31487652070805744,neutral,neutral
281,0.3322640016536529,0.3530643916264397,0.31467160671990746,neutral,positive
282,0.3233155386151175,0.3676912843653327,0.30899317701954976,neutral,neutral
283,0.32029592370962023,0.3442191245024156,0.33548495178796417,neutral,neutral
284,0.29293473751616267,0.3056802871312562,0.4013849753525807,positive,neutral
285,0.3337419296760158,0.35243992443823496,0.3138181458857494,neutral,positive
286,0.29432489707882564,0.3188009087941805,0.38687419412699375,positive,positive
287,0.2810524131641204,0.2933422094643357,0.4256053773715439,positive,positive
288,0.2552538452474025,0.22473219487964077,0.5200139598729566,positive,positive
289,0.31320341528410517,0.3157736738526872,0.3710229108632076,positive,negative
290,0.31632010851413905,0.3721222742446312,0.3115576172412301,neutral,neutral
291,0.3032878428160381,0.3254129949480551,0.37129916223590703,positive,positive
292,0.2710140493922815,0.2806579972852918,0.4483279533224265,positive,negative
293,0.3346584177019412,0.2721281185417659,0.3932134637562931,positive,negative
294,0.3286111399923326,0.3538622127281991,0.3175266472794684,neutral,neutral
295,0.3165359146117478,0.3744626995292813,0.3090013858589713,neutral,neutral
296,0.31618528281022756,0.3378637189262173,0.3459509982635549,positive,neutral
297,0.3413815714039379,0.3477168218815943,0.3109016067144682,neutral,neutral
298,0.38292435253610707,0.31971007566116105,0.2973655718027321,negative,negative
299,0.2644451710333366,0.27730210739314876,0.4582527215735148,positive,positive
300,0.3330603060556827,0.35143380602711827,0.3155058879171992,neutral,negative
301,0.37455177041086923,0.332410116751419,0.2930381128377121,negative,negative
302,0.2535937645573586,0.2722285819512857,0.47417765349135527,positive,positive
303,0.27144879340723616,0.2709569627111596,0.45759424388160436,positive,positive
304,0.3076503263966114,0.32471769090593916,0.3676319826974492,positive,positive
305,0.31154935317545374,0.3311837990949622,0.3572668477295843,positive,positive
306,0.28066712005516276,0.2958623025583198,0.4234705773865175,positive,positive
307,0.3274324224343253,0.35915436780036336,0.31341320976531134,neutral,neutral
308,0.32592461656697397,0.3533534313261379,0.32072195210688814,neutral,positive
309,0.35418692992795986,0.2933172999671086,0.35249577010493166,negative,positive
310,0.33191410216889694,0.3532093771230458,0.31487652070805744,neutral,neutral
311,0.32741006686274,0.3593182099543659,0.31327172318289415,neutral,neutral
312,0.32763807116962074,0.3532072208007268,0.3191547080296527,neutral,neutral
313,0.3415737125554388,0.3479834434252022,0.3104428440193597,neutral,negative
314,0.3308328485135617,0.3508658421010411,0.31830130938539725,neutral,positive
315,0.3814168076003866,0.3240064538558959,0.29457673854371763,negative,negative
316,0.41130260969326804,0.3100304436475998,0.2786669466591322,negative,negative
317,0.32845052627611565,0.345466886737844,0.3260825869860405,neutral,neutral
318,0.33808942491448585,0.3509839062446454,0.3109266688408688,neutral,neutral
319,0.30153512653652215,0.31637922435310345,0.3820856491103741,positive,positive
320,0.33191410216889694,0.3532093771230458,0.31487652070805744,neutral,negative
321,0.381384980326278,0.29893776533717104,0.3196772543365511,negative,positive
322,0.3231695259949693,0.3650863547751218,0.31174411922990913,neutral,neutral
323,0.2838483823211231,0.2778018321773543,0.4383497855015223,positive,positive
324,0.3474582669944448,0.27893915696498267,0.37360257604057284,positive,positive
325,0.3781023910292221,0.3318545745161235,0.29004303445465435,negative,negative
326,0.33114030252824034,0.3491429307692899,0.3197167667024698,neutral,positive
327,0.3281870628486303,0.3589432109061261,0.31286972624524373,neutral,neutral
328,0.3239348230586604,0.2975366888729215,0.3785284880684175,positive,positive
329,0.33212104959495137,0.35223278939703984,0.31564616100800896,neutral,neutral
330,0.2550615809305357,0.2646527716399982,0.48028564742946595,positive,positive
331,0.26486782681596244,0.27821691121190023,0.45691526197213717,positive,positive
332,0.34514699126925374,0.3352393305698812,0.3196136781608651,negative,positive
333,0.3306900898959416,0.3549021763728763,0.3144077337311821,neutral,neutral
334,0.37871851593088846,0.3313641701601075,0.28991731390900394,negative,negative
335,0.29012184629181825,0.30642575024597424,0.4034524034622071,positive,neutral
336,0.32618456076145225,0.3553100482566428,0.318505390981905,neutral,positive
337,0.26524635852739986,0.28206563853117805,0.4526880029414218,positive,positive
338,0.33238835631844166,0.35620732996299387,0.3114043137185647,neutral,neutral
339,0.4652474454803983,0.26847200409037375,0.2662805504292281,negative,negative
340,0.282203013961763,0.2953978809494497,0.4223991050887872,positive,positive
341,0.3376694775231822,0.3532777555239423,0.3090527669528755,neutral,neutral
342,0.33191410216889694,0.3532093771230458,0.31487652070805744,neutral,neutral
343,0.3278563557728453,0.3451180708387979,0.32702557338835697,neutral,positive
344,0.2776081999214739,0.28920431977924504,0.43318748029928095,positive,positive
345,0.3313587559959382,0.35447407345448484,0.314167170549577,neutral,positive
346,0.3319846240848577,0.3530672291861514,0.31494814672899113,neutral,positive
347,0.3358996723992837,0.3506512270309711,0.3134491005697453,neutral,positive
348,0.2858733694235054,0.30546539593247757,0.40866123464401666,positive,positive
349,0.4139275934753508,0.2828534483441203,0.3032189581805287,negative,positive
350,0.2771354124739514,0.2888869048034913,0.43397768272255716,positive,positive
351,0.33042135798309374,0.35621902418007517,0.31335961783683125,neutral,positive
352,0.32917299304902403,0.35311837328485346,0.31770863366612256,neutral,positive
353,0.33310516544983826,0.35222375959559044,0.3146710749545715,neutral,negative
354,0.3425044717424759,0.3471203330210107,0.31037519523651397,neutral,positive
355,0.42582400639385054,0.2863025458044153,0.2878734478017342,negative,negative
356,0.33191410216889694,0.3532093771230458,0.31487652070805744,neutral,negative
357,0.33082543642175716,0.3532387784477882,0.3159357851304547,neutral,positive
358,0.33191410216889694,0.3532093771230458,0.31487652070805744,neutral,negative
359,0.331424120062816,0.35409194395608756,0.3144839359810965,neutral,neutral
360,0.33191410216889694,0.3532093771230458,0.31487652070805744,neutral,neutral
361,0.33147582977936,0.3541191813325147,0.3144049888881254,neutral,neutral
362,0.33120576961086273,0.3532784784315771,0.3155157519575602,neutral,negative
363,0.3312720194375226,0.3544912639216952,0.3142367166407823,neutral,negative
364,0.337765291838596,0.34651755737997125,0.315717150781433,neutral,neutral
365,0.33191410216889694,0.3532093771230458,0.31487652070805744,neutral,negative
366,0.3317645402580392,0.354027733302687,0.31420772643927375,neutral,positive
367,0.29547211256783024,0.29927788652559667,0.4052500009065735,positive,positive
368,0.34870960472078977,0.3291879747773058,0.322102420501904,negative,neutral
369,0.3307417290858958,0.3518354205290033,0.3174228503851011,neutral,neutral
370,0.3572993147546844,0.3388105175936085,0.3038901676517076,negative,neutral
371,0.4286985868163815,0.27911701928956395,0.29218439389405426,negative,negative
372,0.330964618653509,0.3521876848315355,0.31684769651495553,neutral,neutral
373,0.33191410216889694,0.3532093771230458,0.31487652070805744,neutral,neutral
374,0.42054396388069515,0.29564737927202,0.28380865684728485,negative,negative
375,0.32454816725670294,0.3494921443230482,0.32595968842024914,neutral,positive
376,0.3318814119720536,0.35255371517370326,0.3155648728542432,neutral,negative
377,0.27638610099702876,0.30082428475210343,0.4227896142508679,positive,positive
378,0.3313709052675117,0.35331381581624405,0.31531527891624445,neutral,negative
379,0.33191410216889694,0.3532093771230458,0.31487652070805744,neutral,negative
380,0.3321699765035674,0.35363733038968337,0.31419269310674924,neutral,positive
381,0.32483905230827287,0.3288320629751982,0.34632888471652906,positive,positive
382,0.32416150426276535,0.3470505409387891,0.3287879547984456,neutral,neutral
383,0.3312934920295847,0.35451563541591574,0.3141908725544997,neutral,negative
384,0.2900462573183686,0.3080928689606826,0.4018608737209482,positive,positive
385,0.3716856094450562,0.32064912868540646,0.3076652618695371,negative,negative
386,0.33191410216889694,0.3532093771230458,0.31487652070805744,neutral,neutral
387,0.34347832220949776,0.34772468907506593,0.3087969887154365,neutral,neutral
388,0.33191410216889694,0.3532093771230458,0.31487652070805744,neutral,neutral
389,0.3052708156201482,0.31136010283298515,0.3833690815468667,positive,positive
390,0.24756592843695038,0.22490849340151867,0.5275255781615311,positive,positive
391,0.3401952637288134,0.3465859126619827,0.3132188236092045,neutral,neutral
392,0.35585979154054587,0.33912341122014833,0.30501679723930575,negative,negative
393,0.3312932037742393,0.35278083487441914,0.3159259613513417,neutral,positive
394,0.4081747927520621,0.3013811837245605,0.2904440235233769,negative,negative
395,0.33150608487444694,0.35375028758424343,0.3147436275413097,neutral,neutral
396,0.2895530691149855,0.30711600533065775,0.40333092555435646,positive,negative
397,0.33865266336910665,0.3463831242790002,0.31496421235189337,neutral,negative
398,0.29192199212851744,0.3033187845290953,0.40475922334238773,positive,negative
399,0.34000137881012094,0.33732856040935516,0.322670060780524,negative,neutral
400,0.33191410216889694,0.3532093771230458,0.31487652070805744,neutral,neutral
401,0.34999701676724415,0.3419777396539646,0.3080252435787916,negative,positive
402,0.3267572877602939,0.3427479705821548,0.3304947416575514,neutral,negative
403,0.33262793695017806,0.33920548613414075,0.3281665769156813,neutral,positive
404,0.4063740448984727,0.31574571055940676,0.2778802445421203,negative,negative
405,0.3076027371458388,0.3339070231759922,0.35849023967816906,positive,positive
406,0.28817751137264624,0.2963006428014409,0.4155218458259128,positive,positive
407,0.33191410216889694,0.3532093771230458,0.31487652070805744,neutral,negative
408,0.33056054421269543,0.3525924196666297,0.31684703612067483,neutral,positive
409,0.3000362041830185,0.3181924526364967,0.38177134318048445,positive,positive
410,0.28836411453653515,0.3100964157757758,0.4015394696876888,positive,neutral
411,0.24698965193166775,0.2535506346142179,0.4994597134541142,positive,positive
412,0.30687511008543633,0.2961791795003058,0.3969457104142577,positive,positive
413,0.26995024940970436,0.31397573016795843,0.416074020422337,positive,positive
414,0.3090380093443419,0.31448563584132466,0.37647635481433356,positive,negative
415,0.27453990194306177,0.28699402576090927,0.4384660722960286,positive,positive
416,0.341007345135286,0.3500774659151263,0.3089151889495878,neutral,positive
417,0.31865949711623015,0.34421287269655376,0.33712763018721603,neutral,positive
418,0.32740871795039495,0.3594004299966757,0.3131908520529294,neutral,neutral
419,0.33257591842379103,0.3529370254618113,0.3144870561143978,neutral,neutral
420,0.29686522370535595,0.3268534159660133,0.3762813603286308,positive,positive
421,0.33243592033763,0.35298069611852384,0.31458338354384635,neutral,positive
422,0.2650690815015303,0.2831018115880437,0.45182910691042566,positive,positive
423,0.342212655495458,0.34766459560884205,0.31012274889570074,neutral,negative
424,0.341037831698183,0.34229343864405326,0.3166687296577638,neutral,neutral
425,0.33178582042467936,0.35378226515584876,0.314431914419472,neutral,positive
426,0.29432489707882564,0.3188009087941805,0.38687419412699375,positive,positive
427,0.2986984726369033,0.3014530248939267,0.3998485024691699,positive,positive
428,0.31735392694301867,0.37197477970126214,0.3106712933557195,neutral,positive
429,0.4176930265799394,0.30403415564322606,0.2782728177768346,negative,negative
430,0.2727882517095775,0.28900107564725297,0.4382106726431695,positive,positive
431,0.32911211217821457,0.35235675276327966,0.318531135058506,neutral,negative
432,0.3317615843919951,0.3528566915793125,0.31538172402869247,neutral,neutral
433,0.33191410216889694,0.3532093771230458,0.31487652070805744,neutral,neutral
434,0.33191410216889694,0.3532093771230458,0.31487652070805744,neutral,neutral
435,0.33191410216889694,0.3532093771230458,0.31487652070805744,neutral,neutral
436,0.3915206994732773,0.3134432068870015,0.2950360936397213,negative,neutral
437,0.2875892653939732,0.3015944506630773,0.41081628394294956,positive,positive
438,0.3307022928585726,0.3292645036038083,0.340033203537619,positive,neutral
439,0.33857174742433177,0.3482640994445609,0.3131641531311079,neutral,neutral
440,0.4271194620566185,0.3052031763636448,0.26767736157973687,negative,negative
441,0.23362649847771094,0.24140499058812442,0.5249685109341646,positive,positive
442,0.32866205709664276,0.35064476889405893,0.3206931740092985,neutral,positive
443,0.3055661024204989,0.33184730640220195,0.3625865911772993,positive,positive
444,0.3459585498467355,0.3461726770173277,0.30786877313593725,neutral,negative
445,0.33191410216889694,0.3532093771230458,0.31487652070805744,neutral,neutral
446,0.332165355831098,0.35361828888651237,0.31421635528238984,neutral,positive
447,0.33273304046683294,0.35387477687043883,0.3133921826627283,neutral,neutral
448,0.333506666350761,0.3528340028700737,0.3136593307791654,neutral,negative
449,0.34006335472619087,0.35076765494967305,0.30916899032413603,neutral,negative
450,0.33191410216889694,0.3532093771230458,0.31487652070805744,neutral,neutral
451,0.3864870668392341,0.3180805126188192,0.2954324205419469,negative,positive
452,0.3278114690472384,0.3509641025188738,0.3212244284338878,neutral,positive
453,0.3276914925332597,0.34786841591492673,0.32444009155181347,neutral,negative
454,0.3605555299814483,0.3409299153234635,0.29851455469508825,negative,negative
455,0.28406524508220843,0.3152937807072419,0.40064097421054934,positive,positive
456,0.33191410216889694,0.3532093771230458,0.31487652070805744,neutral,negative
457,0.33191410216889694,0.3532093771230458,0.31487652070805744,neutral,positive
458,0.33191410216889694,0.3532093771230458,0.31487652070805744,neutral,positive
459,0.31086901104069814,0.3302774310268742,0.3588535579324279,positive,positive
460,0.33026101243081557,0.3526431444596739,0.3170958431095106,neutral,negative
461,0.3442910936262934,0.3437484124378993,0.3119604939358075,negative,neutral
462,0.42740490972926404,0.30504842756633777,0.26754666270439836,negative,neutral
463,0.33191410216889694,0.3532093771230458,0.31487652070805744,neutral,neutral
464,0.34681054780216475,0.3054452661904707,0.34774418600736473,positive,positive
465,0.3432462435969439,0.3442503136805197,0.31250344272253655,neutral,negative
466,0.33164043709470953,0.3520277759319653,0.3163317869733253,neutral,positive
467,0.2953635049858286,0.2994293983866732,0.4052070966274986,positive,neutral
468,0.26547379745503447,0.27767810254272984,0.45684810000223536,positive,positive
469,0.3589909338216531,0.32202736435138557,0.31898170182696134,negative,negative
470,0.33958440542341073,0.3505179054750828,0.30989768910150645,neutral,positive
471,0.3300769754301479,0.3514632230731899,0.31845980149666236,neutral,neutral
472,0.2984566362991141,0.3025556826154582,0.39898768108542765,positive,positive
473,0.4044582674795638,0.3069108266187049,0.28863090590173146,negative,negative
474,0.32657156640604,0.35421336400725084,0.31921506958670937,neutral,neutral
475,0.2702398023793734,0.3162310305646921,0.41352916705593457,positive,positive
476,0.294371932644864,0.31701874075689024,0.38860932659824593,positive,positive
477,0.34576675621456804,0.34668672051415,0.3075465232712822,neutral,negative
478,0.33200440632382555,0.35185680404460934,0.3161387896315653,neutral,positive
479,0.33191410216889694,0.3532093771230458,0.31487652070805744,neutral,positive
480,0.30786629871496235,0.29315170725786954,0.398981994027168,positive,negative
481,0.318073991158129,0.33735196952577146,0.34457403931609953,positive,positive
482,0.4244848864955166,0.30110232447750096,0.2744127890269825,negative,positive
483,0.3388049638690405,0.338855254423428,0.32233978170753147,neutral,positive
484,0.32952085485788946,0.30710271510781967,0.363376430034291,positive,negative
485,0.3343866309769723,0.3521959527440166,0.3134174162790112,neutral,neutral
486,0.27735835054694025,0.28891139039573516,0.4337302590573245,positive,positive
487,0.32349138193346294,0.35624642962966524,0.320262188436872,neutral,neutral
488,0.3760209443790225,0.32203842584050435,0.3019406297804734,negative,positive
489,0.3627865683982297,0.33002815693744514,0.30718527466432544,negative,negative
490,0.2774310246130034,0.28914286779819304,0.43342610758880334,positive,positive
491,0.3316787960554405,0.35298963291029917,0.31533157103426046,neutral,positive
492,0.28741848134620124,0.2769068698494772,0.43567464880432144,positive,negative
493,0.31011177516863053,0.32863917472029314,0.36124905011107644,positive,positive
494,0.3308332981550705,0.3545306914242699,0.3146360104206596,neutral,positive
495,0.3033932808276535,0.3212327106299953,0.3753740085423514,positive,positive
496,0.2343672066933182,0.24476660218840168,0.5208661911182799,positive,positive
497,0.33191410216889694,0.3532093771230458,0.31487652070805744,neutral,neutral
498,0.22883062443006022,0.23862842703648032,0.5325409485334597,positive,positive
499,0.2886221924585788,0.3062109762853594,0.40516683125606145,positive,positive
500,0.32306904081292076,0.3252587668385397,0.35167219234853947,positive,positive
501,0.3305552911301671,0.354614791437329,0.314829917432504,neutral,positive
502,0.33191410216889694,0.3532093771230458,0.31487652070805744,neutral,neutral
503,0.2970764979332026,0.3110787965070782,0.39184470555971856,positive,negative
